Mean Quality Score
30.1581671615
30.7772052789
33.78220403
34.5935601816
35.1015629803
37.9505563319
38.0072545566
38.2339916338
38.4359730061
38.3167425992
38.4183914303
38.4548386044
38.3110113708
38.3965242743
38.2489268816
38.010579517
38.1203522752
38.2633432369
38.0717003637
38.1715107281
38.0170874846
38.0319700272
38.2032623445
38.2200332097
38.2297262383
38.2097893681
38.1812142317
38.2313252561
38.1970604416
38.1490446955
38.0254693576
37.655063424
37.5696216733
37.3570554819
37.2311408195
37.1444849463
37.0958945495
37.1079790628
37.0753628632
37.4571041499
37.6820225872
37.847287021
37.8411962381
38.0037711419
38.023514188
38.0034488486
38.0415836745
37.9973338205
37.9858247783
37.9446367164
38.024471807
38.0459809006
38.0421559054
37.8379560934
37.8672081719
37.9464322921
37.9587127246
37.8835306751
37.8496348054
37.7830229197
37.7606478913
37.8040984759
37.8144144613
37.7364431865
37.7699743069
37.6993278191
37.7624894908
37.6589770504
37.6117286037
37.6597843667
37.6541533429
37.5872431586
37.5319615467
37.5324182804
37.5276565087
37.4094903757
36.4831084524
36.8845621475
37.3137674231
37.4159032427
37.5405343451
37.5471255812
37.5730980707
37.4845088477
37.3889485531
37.3953329078
37.3298347802
37.3359868548
37.3041186977
37.2313911177
37.1943457964
37.1048156262
37.0732837062
37.031682622
36.8519096311
36.8678080121
36.8691497447
36.7950746729
36.5446693361
36.6240771909
34.6579854489
