Average qual score & Frequency
36.3663366337	89345
39.5247524752	343865
38.2277227723	157090
33.6237623762	53646
39.0396039604	239900
34.9306930693	66964
39.2475247525	274267
39.3366336634	291713
39.8217821782	506419
39.0297029703	239055
39.702970297	413780
39.2772277228	281772
38.8514851485	213968
39.0693069307	243774
39.8811881188	519146
38.1485148515	152531
39.9207920792	561565
39.297029703	285509
39.0198019802	235499
39.8613861386	528492
34.2574257426	59889
40.1386138614	776923
39.5148514851	345470
40.0792079208	725599
27.1386138614	11006
37.0594059406	106759
40.1485148515	972117
39.7524752475	440574
39.4356435644	319653
39.1287128713	254738
40.1782178218	772310
36.3564356436	89229
39.7821782178	473956
39.7128712871	420170
40.3168316832	1102844
39.6534653465	399262
30.9306930693	30773
35.396039604	73015
40.2277227723	829330
40.0693069307	747465
37.9306930693	139997
36.0495049505	83963
39.198019802	263818
36.6732673267	96284
40.3069306931	938051
40.2673267327	849415
40.0594059406	722778
40.3564356436	1180145
39.2574257426	280907
40.2178217822	880042
39.6930693069	429648
32.900990099	45767
40.1089108911	850499
40.1881188119	1029151
40.2376237624	1340534
38.5841584158	185307
40.0396039604	657471
40.2772277228	1097348
40.198019802	1160164
40.0	631266
39.0099009901	232814
40.2574257426	1044396
35.3168316832	71797
39.7425742574	439555
39.2673267327	282305
39.6633663366	390774
39.9801980198	605960
38.702970297	198232
39.9306930693	555186
37.6138613861	125824
39.1584158416	258313
36.5148514851	92916
40.0198019802	660831
38.3267326733	164431
40.0099009901	640779
38.9801980198	230812
39.6831683168	440829
37.5148514851	122625
39.9900990099	608631
37.7524752475	131387
38.5445544554	182048
39.8712871287	539227
39.2376237624	271157
31.4059405941	34036
40.1188118812	826963
32.7326732673	44281
38.297029703	162534
35.2376237624	70558
39.495049505	341565
39.9108910891	570179
39.7227722772	463191
39.5940594059	383015
34.4455445545	61928
39.8415841584	484990
39.0891089109	246746
29.2871287129	20883
40.0891089109	688108
39.7326732673	467947
39.4158415842	314747
40.0297029703	667719
36.3861386139	90114
34.9207920792	66737
34.2376237624	59457
26.3861386139	8535
35.8118811881	79560
37.1287128713	108984
36.4158415842	90787
39.7722772277	502872
38.2574257426	159229
37.900990099	138630
40.1584158416	966212
39.603960396	383840
35.1584158416	69608
34.5544554455	62474
37.0198019802	105380
39.0792079208	246563
39.5643564356	361248
35.9504950495	81672
39.9405940594	560985
38.2178217822	156854
39.8910891089	516067
39.0	232084
38.8613861386	214133
39.504950495	345294
37.9207920792	139165
33.6633663366	55427
39.7920792079	462300
38.3465346535	166546
38.6435643564	191244
38.9603960396	226704
37.6237623762	125603
28.6435643564	17475
38.5742574257	184902
36.0792079208	83964
39.396039604	311842
37.8910891089	138629
40.099009901	777650
37.495049505	121989
30.7722772277	29665
34.9702970297	67164
37.5841584158	124227
38.3069306931	163131
39.7623762376	452758
28.4752475248	16536
32.0891089109	39098
34.3564356436	60661
38.6633663366	194462
38.6336633663	189578
35.5445544554	75717
27.2178217822	11129
38.8118811881	208347
38.4059405941	170932
35.5841584158	75628
40.1287128713	752154
33.4851485149	51759
39.2178217822	272846
39.5445544554	361362
34.2178217822	58647
36.4653465347	91846
33.2871287129	49958
37.8118811881	134876
37.0	104947
36.9504950495	103682
36.198019802	86093
36.0297029703	82823
39.8118811881	495931
39.9603960396	599005
39.8514851485	499152
39.4851485149	333639
38.9108910891	219904
38.7524752475	202811
33.099009901	48192
40.0495049505	670567
38.7821782178	206393
35.1089108911	68831
38.3366336634	165412
34.2277227723	58234
38.900990099	220099
37.0891089109	107671
35.8415841584	79824
36.8811881188	101696
34.1485148515	60811
39.6732673267	415001
37.8217821782	134293
39.3663366337	302130
32.5643564356	42913
24.5841584158	3817
39.9702970297	599786
38.9900990099	233245
38.396039604	170298
39.1188118812	252947
37.1386138614	108576
39.3069306931	292045
36.297029703	87701
36.7524752475	98956
36.8415841584	100636
37.6831683168	129050
33.5940594059	52867
37.9801980198	142965
39.801980198	463786
35.2079207921	70190
36.9702970297	104275
37.5742574257	123820
38.6930693069	196623
39.9504950495	586811
36.504950495	92646
36.7920792079	99607
33.3762376238	51275
37.3861386139	117223
37.3564356436	115626
35.2673267327	71669
37.7821782178	132499
38.5148514851	179855
39.4653465347	328552
39.6138613861	375726
36.0891089109	84360
34.1386138614	58777
38.4257425743	172123
39.3168316832	293199
37.1188118812	107972
39.4752475248	329794
30.7128712871	29348
37.198019802	110364
36.5940594059	94299
35.7326732673	78047
36.6336633663	95504
38.7722772277	204186
35.3366336634	72296
39.0594059406	240439
35.9108910891	81265
39.3465346535	298395
30.4257425743	27424
37.5544554455	123786
38.7425742574	202524
38.3564356436	167328
37.0693069307	106495
38.6732673267	193883
37.7227722772	130543
33.1485148515	48459
35.4554455446	73514
32.6237623762	43747
39.1683168317	262681
35.9702970297	82388
31.9603960396	38484
33.9207920792	56124
30.8613861386	30405
39.5544554455	364263
37.2772277228	113287
33.7326732673	54055
30.7623762376	29740
26.4257425743	8827
25.8118811881	6760
39.5841584158	372347
38.0396039604	146632
37.2376237624	112182
39.3861386139	305805
38.1683168317	153595
38.9504950495	226179
40.3267326733	1498602
40.1683168317	859072
38.7920792079	208705
34.0891089109	58199
35.7524752475	79014
40.396039604	1117843
40.5247524752	2510013
39.4455445545	325612
40.6633663366	41227045
37.8712871287	136688
37.7920792079	133329
29.4356435644	21505
37.3168316832	114501
40.2871287129	1377216
37.0297029703	105875
40.4257425743	1631570
40.5445544554	5864473
40.2475247525	1181166
40.5841584158	10571554
40.5742574257	6789100
40.702970297	73021260
26.7821782178	9771
36.0198019802	82665
40.6138613861	8245922
37.4257425743	118422
40.5346534653	5060797
40.603960396	701212
40.3861386139	1301551
40.6237623762	20348794
40.6534653465	6102136
32.495049505	42482
38.7623762376	203326
40.5643564356	2167786
39.5742574257	360247
40.3366336634	1629327
40.4059405941	1822041
40.4158415842	2291011
40.495049505	3702142
35.5742574257	75881
39.6435643564	409306
40.297029703	1288979
31.0693069307	31672
38.8811881188	217837
32.0297029703	38810
40.2079207921	1000268
33.8514851485	59525
40.5544554455	69372
35.1881188119	70316
36.1089108911	84642
36.495049505	92541
35.5544554455	75430
29.0396039604	19515
32.5841584158	43054
36.9603960396	103782
34.8415841584	65865
40.4851485149	2379169
34.6435643564	64169
34.2772277228	59345
34.3762376238	60565
40.504950495	3529017
35.4653465347	74438
37.2178217822	111286
37.9900990099	142842
33.5148514851	53135
28.2871287129	15696
38.8316831683	211497
36.9900990099	104676
40.4554455446	2806148
29.2178217822	20201
38.5247524752	180048
36.1683168317	85819
38.4455445545	174061
36.8613861386	101239
30.7524752475	29400
34.6831683168	63951
38.3168316832	163555
39.1881188119	262462
28.1683168317	15040
39.2871287129	281558
34.8613861386	65734
40.4455445545	2102714
37.9504950495	140535
39.3762376238	303516
38.0891089109	149579
31.2673267327	33173
40.4653465347	2252227
33.2079207921	49273
38.504950495	178720
35.0	67345
34.6732673267	63726
38.9207920792	222484
36.702970297	96970
40.5148514851	618603
40.4356435644	1106617
31.2178217822	32951
35.1287128713	69698
38.7227722772	198532
37.702970297	129342
37.3366336634	115390
36.7425742574	98007
35.4851485149	74436
25.9702970297	7315
31.8217821782	36852
34.8910891089	65886
37.4752475248	120079
37.4455445545	119319
39.1089108911	248337
37.1683168317	109712
40.4752475248	990201
39.3564356436	303310
32.9801980198	47008
39.5346534653	351141
30.2277227723	26480
34.9900990099	68118
32.1188118812	39328
34.5247524752	62667
33.4554455446	52648
33.9702970297	56778
39.3267326733	292134
29.4455445545	21429
39.099009901	246415
37.5445544554	122343
37.7326732673	131167
37.3762376238	117162
36.8316831683	100553
38.3861386139	169034
38.8415841584	213827
38.2079207921	156353
38.2475247525	159424
36.6633663366	96006
37.5643564356	123647
36.900990099	101863
37.7128712871	129941
38.495049505	178395
38.4851485149	176351
37.6336633663	126279
38.8217821782	209045
38.4752475248	176035
38.198019802	155779
38.6138613861	188667
32.0693069307	39165
36.3366336634	88983
36.1881188119	86252
26.7920792079	9842
35.2277227723	70529
38.0495049505	146702
27.7722772277	13593
32.8316831683	45528
37.5940594059	124775
36.1287128713	84967
32.8217821782	45279
38.7326732673	200439
39.900990099	541261
29.2772277228	20699
34.7524752475	64450
38.8712871287	215404
36.4752475248	91871
36.7623762376	98582
32.9306930693	46140
26.6831683168	9341
38.3663366337	166978
39.4257425743	316534
36.5742574257	94096
37.1584158416	109920
29.3663366337	21216
37.7425742574	130486
36.9801980198	104728
36.4554455446	91657
28.8316831683	18091
32.6930693069	43917
36.5346534653	93112
33.5544554455	55385
30.0495049505	25330
38.0297029703	144942
34.4653465347	61528
37.2475247525	111628
34.6930693069	64294
39.4554455446	328579
32.9702970297	46781
23.3564356436	1762
38.2376237624	158065
34.5643564356	62609
33.504950495	54133
33.1782178218	48843
39.2277227723	272838
37.4653465347	120251
33.7425742574	54840
39.1386138614	254287
35.1683168317	70190
33.9108910891	57656
22.8811881188	1277
37.1089108911	107840
38.2772277228	161137
36.1782178218	86200
31.2871287129	33331
37.504950495	121540
36.5544554455	93656
37.4158415842	118570
39.4059405941	316982
38.801980198	208951
35.0297029703	67832
38.4356435644	172237
33.3663366337	50986
31.1881188119	32647
36.4059405941	90486
39.6336633663	403331
37.603960396	124882
35.6633663366	77117
38.603960396	188098
34.3366336634	60433
31.7722772277	36768
38.1089108911	150438
37.1485148515	109230
33.3465346535	50002
38.1881188119	155536
31.5742574257	35409
38.5544554455	183080
37.4059405941	118241
37.3267326733	114481
40.3762376238	2015295
37.6930693069	128624
34.9504950495	67067
40.3663366337	1586741
29.900990099	24288
33.1287128713	48349
36.4851485149	92075
33.8910891089	56289
23.9108910891	2572
29.2376237624	20452
34.3267326733	60121
33.1881188119	48693
35.198019802	69917
35.9900990099	82431
32.2178217822	40562
33.3366336634	50088
25.0099009901	4879
31.603960396	35738
29.5841584158	22399
37.3069306931	114353
31.3465346535	33425
27.6831683168	13207
28.9405940594	19058
38.9405940594	225684
34.9801980198	67092
26.0891089109	7707
35.3465346535	72338
36.3168316832	88770
33.0099009901	47467
25.8415841584	6893
34.0297029703	57280
25.0396039604	4940
33.8415841584	55867
40.3465346535	1077905
32.9504950495	46808
30.3663366337	27238
37.2574257426	112807
39.8316831683	499276
31.7623762376	36892
33.2673267327	50207
38.5643564356	183368
29.198019802	20257
32.2772277228	40640
31.9702970297	38268
37.7722772277	132137
30.9207920792	30606
32.3762376238	41212
30.4851485149	27858
39.2079207921	268427
31.900990099	38202
37.4356435644	118764
38.1386138614	152372
38.1782178218	153937
32.3663366337	41622
30.0693069307	25462
35.6237623762	76476
32.4059405941	41773
23.7920792079	2239
35.5346534653	74638
38.5346534653	181219
35.6732673267	77244
37.0495049505	106789
34.2871287129	59751
32.4851485149	42449
37.9405940594	140261
32.7227722772	44574
35.9207920792	81430
27.8613861386	13756
35.2574257426	71084
34.3168316832	59826
37.5247524752	121879
33.6336633663	53080
37.9108910891	139370
31.0891089109	31762
31.1287128713	32038
33.0594059406	47830
36.1386138614	84978
30.3465346535	27268
25.7425742574	6675
32.3267326733	41262
36.3762376238	89839
28.6138613861	17189
35.1188118812	69448
38.099009901	149429
31.2475247525	33272
37.7623762376	131912
38.0693069307	147890
37.396039604	117945
33.5445544554	52465
34.0396039604	57741
36.0	82206
37.0792079208	107489
35.0792079208	68561
33.198019802	48837
33.8118811881	56830
32.3465346535	41006
33.6732673267	54334
36.1188118812	84372
38.0198019802	144996
34.1584158416	59043
38.7128712871	198455
21.4059405941	413
32.7128712871	44479
28.297029703	15869
30.5148514851	27644
31.6732673267	36142
39.1485148515	254291
33.396039604	50685
34.7821782178	65137
33.4059405941	51619
34.8118811881	64872
33.3168316832	50212
26.7425742574	9755
37.9702970297	142496
36.0396039604	83680
33.801980198	59510
38.4554455446	175005
35.8811881188	80488
27.6732673267	12950
38.4158415842	171437
31.2079207921	32841
36.8217821782	100593
33.1188118812	48260
34.4257425743	60855
36.0099009901	82788
34.396039604	61891
38.2871287129	161031
33.7623762376	56104
37.6732673267	127760
38.3762376238	167763
39.1782178218	263503
32.6138613861	43809
36.6930693069	96974
30.6534653465	29299
31.8118811881	37004
29.9306930693	24301
33.0693069307	48103
32.7821782178	44840
36.8514851485	100905
27.6534653465	12774
27.3069306931	11702
35.7722772277	78566
27.5742574257	12685
38.2673267327	160072
37.6534653465	127760
27.3564356436	11642
30.4059405941	27468
33.4455445545	51296
38.9702970297	228841
32.0099009901	38581
35.4257425743	73824
29.9405940594	24629
34.6534653465	63673
28.6633663366	17323
33.0891089109	47816
33.900990099	60467
36.5247524752	93778
32.5148514851	42394
36.2376237624	86972
33.495049505	52076
27.6930693069	13107
38.6237623762	189241
36.9306930693	102886
36.9405940594	103093
32.3861386139	41697
36.4455445545	91546
36.7326732673	98174
33.5247524752	52712
30.6336633663	28997
39.6237623762	380657
36.6138613861	95258
35.4158415842	73074
33.7227722772	54781
37.8415841584	135847
36.9108910891	102716
35.5940594059	76338
27.7326732673	13268
31.0	31406
30.7326732673	29297
36.1485148515	85731
32.2673267327	40674
36.2277227723	86957
35.7227722772	78177
35.0198019802	68081
33.6435643564	53662
35.7425742574	78784
26.9306930693	10373
36.8910891089	103156
30.8514851485	30191
33.4356435644	51336
38.1584158416	152839
35.3861386139	72609
32.297029703	40934
32.801980198	45134
36.8712871287	101054
30.6138613861	28985
30.9702970297	30958
28.2376237624	15676
35.8217821782	79384
27.4158415842	12199
35.4059405941	73022
35.4455445545	73574
33.3861386139	50864
36.4257425743	90858
31.7524752475	36582
36.5841584158	94494
34.900990099	66902
31.1386138614	32432
30.9504950495	31066
34.0099009901	57823
34.1683168317	58222
34.4158415842	60908
36.0693069307	83690
25.4158415842	5694
31.7227722772	36445
37.6633663366	127885
32.5247524752	42657
31.4356435644	34334
29.7128712871	23040
37.3465346535	115501
34.099009901	61109
35.099009901	69251
32.1683168317	39787
38.9306930693	224553
38.0594059406	147323
29.7326732673	22977
38.4653465347	175487
34.297029703	61503
28.1188118812	15138
33.2475247525	49767
36.7722772277	98481
35.6534653465	77506
35.495049505	74208
31.9900990099	38542
36.9207920792	102619
31.198019802	32724
36.3267326733	88457
34.3663366337	60429
36.801980198	99038
33.4257425743	51476
31.3168316832	33391
33.3267326733	50434
29.8118811881	23631
34.4356435644	61322
28.5544554455	16877
35.9306930693	81242
31.6831683168	36464
29.0693069307	19551
36.5643564356	93783
38.8910891089	219874
33.0198019802	47674
37.4554455446	120181
28.396039604	16352
35.6336633663	76924
26.0693069307	7484
36.3465346535	89331
34.3069306931	60163
29.4059405941	21362
32.0495049505	38720
29.7920792079	23564
34.8811881188	66502
32.099009901	39320
30.3564356436	27186
39.0495049505	239183
37.3663366337	116390
35.5148514851	74847
31.9108910891	38000
31.4653465347	34686
34.4059405941	60428
35.0891089109	68867
37.2277227723	111318
35.5643564356	75784
31.1089108911	32398
33.9801980198	56447
37.4851485149	120283
32.702970297	44259
34.6633663366	63859
37.0099009901	104994
27.5445544554	12375
34.0495049505	61010
38.5940594059	186963
26.900990099	10370
32.4752475248	42503
27.4653465347	12189
27.7920792079	13632
31.6435643564	35488
36.2673267327	87795
33.5841584158	52526
29.0792079208	19660
32.7524752475	44928
33.5346534653	52447
32.9900990099	46924
31.8910891089	37695
38.6534653465	192345
27.4455445545	12198
35.5247524752	74813
34.3861386139	60728
31.3267326733	33455
30.2475247525	26214
31.6930693069	36592
36.603960396	95206
35.3762376238	73110
27.0495049505	10687
30.8118811881	30230
32.5742574257	43682
32.1584158416	39883
32.1386138614	39863
27.2079207921	11167
34.7326732673	64488
32.3069306931	40871
35.603960396	76198
24.7128712871	4155
30.0792079208	25256
30.297029703	26852
27.702970297	13277
30.1683168317	25862
32.9108910891	46124
23.7623762376	2386
34.5841584158	62896
37.0396039604	105654
29.2673267327	20651
37.2079207921	111305
33.0297029703	47484
30.2376237624	26321
35.6435643564	76484
33.5643564356	54214
37.297029703	113796
37.6435643564	127407
26.2574257426	8253
26.8415841584	9829
36.7821782178	99386
29.5742574257	22407
31.396039604	34203
30.6633663366	29042
29.1485148515	19954
36.3069306931	88590
34.4752475248	61607
37.8613861386	136829
30.495049505	28071
31.6336633663	36035
35.3564356436	72186
34.2079207921	59387
26.4356435644	8671
31.702970297	36188
30.5346534653	28320
35.1782178218	69969
29.3267326733	20966
32.1089108911	39410
37.8514851485	135821
35.6930693069	77646
30.8415841584	30092
31.1584158416	32499
27.5148514851	12494
27.7524752475	13436
30.3267326733	27143
36.5445544554	93447
31.0099009901	31597
32.6831683168	44199
33.2277227723	49399
27.1089108911	10930
31.2376237624	32675
35.9405940594	81558
32.5346534653	43042
33.7722772277	54943
35.7821782178	79678
33.4158415842	52203
30.1089108911	25377
36.1584158416	86001
32.2871287129	40826
28.4653465347	16608
36.2772277228	87958
36.7227722772	98135
25.6930693069	6445
28.3069306931	15876
33.0792079208	47692
27.0594059406	10958
33.6138613861	54815
34.6336633663	63183
32.7623762376	44792
35.7623762376	79040
25.3465346535	5622
30.4653465347	27669
30.198019802	26068
32.9405940594	46653
29.4752475248	21858
38.1188118812	150243
33.8613861386	56888
27.3168316832	11603
38.0	143501
33.2376237624	49332
28.7722772277	18120
26.504950495	8913
35.8910891089	81237
31.2772277228	33235
35.801980198	78790
37.2673267327	112954
32.4158415842	41632
28.5445544554	16983
23.2871287129	1809
34.7425742574	64475
37.8811881188	137358
35.2475247525	71165
34.5346534653	62379
33.2574257426	49755
32.7425742574	44661
28.0099009901	14522
25.2574257426	5336
38.6831683168	195038
36.2079207921	86514
27.1683168317	11168
33.1584158416	48547
35.8712871287	80487
35.0594059406	68855
35.0495049505	68215
32.8415841584	45902
33.0	47106
27.0	10495
32.0198019802	38802
30.1386138614	25817
27.198019802	11247
34.702970297	63980
36.6534653465	96450
30.0099009901	24863
32.6732673267	44331
26.3366336634	8351
30.1881188119	25978
26.2673267327	8129
35.0099009901	68042
32.7920792079	45125
29.3069306931	20919
28.5841584158	17036
34.7920792079	65281
32.6435643564	43618
36.6435643564	96198
25.7227722772	6717
31.3366336634	33691
27.6138613861	12882
27.099009901	10908
38.1287128713	151640
34.9108910891	65963
25.9207920792	7260
30.603960396	28905
34.4851485149	61383
34.0594059406	58443
30.5841584158	28649
26.7524752475	9710
33.1683168317	49010
34.1089108911	58962
31.1485148515	32122
35.297029703	71563
25.7722772277	6724
30.900990099	30854
29.8613861386	24016
35.3663366337	72520
32.0792079208	39366
36.8118811881	99897
34.495049505	61725
37.1881188119	111100
36.6831683168	96437
33.9405940594	57085
28.9900990099	19215
35.3069306931	71580
34.1881188119	59335
36.0594059406	83858
31.3762376238	33968
27.7623762376	13292
34.5940594059	63630
36.2871287129	88162
24.8811881188	4387
30.702970297	29471
38.0099009901	144134
33.9900990099	57303
30.2574257426	26750
34.5742574257	62303
30.3069306931	26543
31.0396039604	31514
37.099009901	107260
30.8910891089	30652
35.2178217822	70184
32.1782178218	40346
29.7821782178	23774
25.3861386139	5635
16.396039604	6
31.9306930693	38089
34.0198019802	57234
31.1782178218	32475
34.0	60493
24.5742574257	3656
26.4059405941	8565
29.7722772277	23344
33.8811881188	55436
26.6633663366	9388
32.4257425743	42223
28.900990099	18618
30.1782178218	25992
28.1287128713	15262
28.3861386139	15999
26.9900990099	10584
31.801980198	36895
28.2673267327	15797
32.1881188119	39914
24.4257425743	3442
26.2178217822	8079
28.8712871287	18497
25.2178217822	5277
27.2871287129	11634
30.0891089109	25337
34.8514851485	65851
29.8811881188	24021
27.3366336634	11676
31.5445544554	35374
34.5148514851	61909
29.6138613861	22726
34.2475247525	61196
26.4455445545	8436
30.5940594059	28524
32.3168316832	41215
36.6237623762	95406
35.6831683168	77143
31.5346534653	35113
34.1782178218	58238
37.801980198	133926
36.2475247525	87535
33.2772277228	49955
32.3366336634	41202
29.1089108911	19537
35.702970297	78040
31.0594059406	31686
26.6930693069	9360
26.9504950495	10373
32.2079207921	40521
31.7425742574	36816
36.396039604	90444
28.8217821782	18265
33.7128712871	55896
29.9702970297	24515
33.7821782178	54502
28.9603960396	19032
27.7425742574	13318
26.3564356436	8440
31.4158415842	34070
33.4653465347	52635
27.2574257426	11355
32.4653465347	42272
35.9801980198	82123
28.9702970297	19177
37.1782178218	110255
33.8217821782	55647
32.2574257426	40661
35.4752475248	74109
28.7326732673	17899
35.2772277228	71824
24.5247524752	3542
28.6732673267	17701
25.198019802	5235
30.7227722772	29403
27.495049505	12348
32.4455445545	41777
31.8811881188	37729
28.504950495	16636
25.3663366337	5448
28.3564356436	16062
35.3267326733	72237
25.2079207921	5259
30.3861386139	27059
30.4158415842	27333
33.9504950495	60430
28.8514851485	18353
28.5148514851	16863
26.3663366337	8580
35.0396039604	68366
33.7920792079	55315
27.297029703	11848
29.2574257426	20526
21.7227722772	518
31.5841584158	35536
23.4752475248	1966
34.8217821782	65888
36.2574257426	86994
31.5643564356	35294
24.9603960396	4676
31.4752475248	34771
32.5544554455	43050
34.6138613861	62915
25.8514851485	6768
35.7128712871	78182
28.099009901	14825
22.0198019802	666
23.7326732673	2179
26.9207920792	10290
37.2871287129	113648
34.2673267327	59115
31.7920792079	36908
33.0396039604	47635
34.5445544554	63378
28.6534653465	17438
32.0396039604	38804
29.2475247525	20532
33.702970297	58003
30.8217821782	30033
26.396039604	8427
34.3465346535	62064
35.8613861386	80306
26.8118811881	9897
25.0792079208	4896
30.2079207921	26330
25.3168316832	5509
37.8316831683	135435
28.3267326733	16124
30.6831683168	29001
28.6831683168	17620
28.2772277228	15709
24.0198019802	2779
27.0297029703	10647
32.5445544554	43082
31.2574257426	33173
32.2376237624	40474
28.2277227723	15627
25.4752475248	5966
29.1782178218	20184
31.4257425743	34417
33.6831683168	53563
30.2772277228	26582
29.7425742574	23311
31.3564356436	33990
26.3267326733	8343
27.8712871287	13954
37.5346534653	122157
35.2871287129	71307
32.6633663366	44056
31.4455445545	34416
29.6534653465	22734
27.8910891089	14127
31.5544554455	35118
32.8712871287	45997
32.0	38275
30.9108910891	30568
29.1287128713	19735
23.1881188119	1605
34.9405940594	66624
32.9603960396	46846
30.8811881188	30555
35.8514851485	79799
34.7128712871	63860
25.1683168317	5107
26.495049505	8801
36.4356435644	90591
28.198019802	15317
27.9405940594	14343
26.1584158416	7929
31.3663366337	33869
29.0495049505	19252
29.5247524752	22300
30.396039604	27634
34.603960396	62678
29.297029703	20826
29.801980198	23650
32.198019802	40280
33.3069306931	50353
27.4851485149	12307
29.4653465347	21590
29.5346534653	22155
29.8910891089	24379
35.504950495	74360
32.7722772277	44756
23.2079207921	1486
23.5445544554	2040
35.900990099	81265
31.1188118812	32251
32.1485148515	39799
25.3762376238	5636
37.9603960396	141479
36.099009901	84704
33.2178217822	49499
26.6435643564	9407
34.801980198	65205
34.504950495	61498
30.1584158416	25591
38.0792079208	148863
26.5346534653	8770
32.4356435644	41761
31.5247524752	35271
24.1089108911	2788
34.0792079208	57875
27.2277227723	11278
34.1287128713	58106
31.4554455446	34336
31.495049505	34827
34.4554455446	61270
31.0198019802	31614
25.3564356436	5603
27.5346534653	12576
31.8415841584	37412
34.0693069307	57436
31.9207920792	37841
27.8514851485	14113
31.5148514851	35021
26.2772277228	8200
29.2079207921	20269
24.099009901	2918
33.5742574257	53129
32.396039604	41599
36.7128712871	97382
27.1782178218	11114
31.8514851485	37152
28.3366336634	16001
31.7128712871	36592
24.801980198	4345
36.2178217822	86591
30.6732673267	28814
24.8415841584	4337
27.801980198	13727
30.8316831683	30057
30.9801980198	31059
31.297029703	33182
33.0495049505	47546
29.702970297	23021
29.4554455446	21581
35.4356435644	73820
27.8118811881	13758
28.7524752475	17846
34.8316831683	65615
29.4851485149	21795
32.603960396	43463
30.099009901	25382
31.6534653465	36371
30.4356435644	27400
29.0198019802	19320
29.5643564356	22335
31.9801980198	38559
26.9801980198	10318
34.8712871287	65672
28.7623762376	18010
32.2277227723	40571
31.4851485149	34601
33.297029703	49966
33.6930693069	54273
30.2673267327	26579
26.702970297	9537
33.7524752475	58887
35.1485148515	69930
32.504950495	43102
25.5643564356	6261
28.5742574257	16957
33.4752475248	52174
35.1386138614	69592
28.7821782178	17947
28.2574257426	15641
33.9603960396	58203
32.0594059406	39046
28.9108910891	18637
28.801980198	18523
25.9405940594	7088
34.198019802	61194
28.1485148515	15057
34.7623762376	64640
29.3168316832	21221
29.1386138614	20215
32.5940594059	43678
26.7227722772	9784
35.6138613861	76333
25.1287128713	4918
30.801980198	29991
28.7425742574	17870
35.8316831683	79369
27.900990099	13757
25.8910891089	6903
31.099009901	32182
29.6336633663	22552
35.7920792079	78681
26.0297029703	7392
28.0396039604	14446
26.3465346535	8361
28.6237623762	17352
27.5940594059	12759
34.7227722772	64399
25.396039604	5679
28.7227722772	17830
31.9405940594	37733
26.8217821782	9869
33.6534653465	57067
23.702970297	2204
30.8712871287	30160
30.6237623762	28625
19.8217821782	136
26.1683168317	7995
32.9207920792	46425
27.6237623762	12814
31.0297029703	31572
34.9603960396	66760
29.7623762376	23253
29.9504950495	24467
32.3564356436	41331
35.0693069307	68513
30.0198019802	25058
23.7524752475	2304
30.504950495	28141
31.8712871287	37332
25.8811881188	7226
29.6732673267	22897
28.4554455446	16591
24.1683168317	2991
29.9603960396	24622
29.8316831683	23843
26.1188118812	7726
28.4158415842	16692
26.6237623762	9206
27.9207920792	14347
29.3861386139	21348
28.702970297	17537
27.396039604	12153
30.5247524752	28025
26.1386138614	7895
32.1287128713	39740
31.8316831683	37394
28.9801980198	19163
28.5643564356	16951
30.0	24545
28.0594059406	14797
32.6534653465	43853
27.6633663366	13052
28.1089108911	15045
29.9108910891	24226
25.9900990099	7464
33.9306930693	55923
30.2871287129	26578
29.8217821782	23780
34.6237623762	63395
31.8613861386	37204
26.2871287129	8041
34.1188118812	57598
21.495049505	457
35.9603960396	82841
32.8613861386	45466
23.504950495	1896
26.0396039604	7472
24.0396039604	2705
27.3465346535	11794
28.1584158416	15300
32.8118811881	45466
28.4455445545	16361
25.2673267327	5326
30.4554455446	27656
29.1683168317	19974
32.6336633663	43812
23.3465346535	1792
31.6237623762	35770
27.3663366337	11911
28.3465346535	15981
29.495049505	21925
30.0594059406	25020
25.3267326733	5446
30.5544554455	28707
29.0891089109	19631
27.9306930693	14198
28.5940594059	17145
29.5445544554	22228
28.0792079208	14867
23.8217821782	2422
30.1188118812	25534
27.3861386139	12023
24.8118811881	4215
27.9900990099	14211
27.504950495	12338
27.4059405941	12057
22.5841584158	1025
29.3366336634	21197
26.7722772277	9602
31.2277227723	32853
29.6831683168	23166
24.6930693069	4075
28.9504950495	18837
31.504950495	35254
33.3564356436	51240
31.0792079208	31891
26.4752475248	8675
23.5544554455	2026
29.8712871287	23847
29.6237623762	22854
25.4653465347	5854
32.4554455446	42736
30.9405940594	30809
27.2376237624	11333
29.9801980198	24889
24.5346534653	3653
27.6435643564	12742
32.8910891089	46167
31.7821782178	37213
26.6534653465	9431
24.5445544554	3641
31.5940594059	35946
24.1782178218	2940
31.3861386139	34083
28.8910891089	18866
25.6435643564	6424
24.8316831683	4365
28.4059405941	16365
30.3168316832	26726
28.0891089109	15171
31.7326732673	36677
30.7920792079	30277
24.3663366337	3294
33.1089108911	47743
27.6336633663	12786
31.0495049505	31642
28.1881188119	15299
28.7128712871	17953
29.6435643564	22679
30.2178217822	26487
25.495049505	6001
27.0693069307	10634
29.396039604	21262
27.3762376238	11953
27.1485148515	10970
25.4356435644	5836
26.8514851485	9883
32.8514851485	45423
33.8712871287	55480
28.0198019802	14600
28.4356435644	16434
22.2079207921	778
27.4356435644	12237
28.9207920792	18901
25.7128712871	6494
28.3663366337	16236
28.3168316832	15672
30.3762376238	27185
23.4356435644	1892
24.4059405941	3510
33.8316831683	54741
26.801980198	9920
29.7227722772	23181
33.1386138614	48453
27.1188118812	10988
29.9900990099	25043
28.5247524752	16831
34.7722772277	64811
26.0198019802	7356
27.603960396	12874
27.9801980198	14287
30.7425742574	29843
29.3564356436	21232
26.0099009901	7324
29.5148514851	22037
32.2475247525	40836
23.2376237624	1693
31.9504950495	38308
24.396039604	3480
30.4752475248	27477
29.504950495	22124
28.7920792079	18267
28.9306930693	19151
30.0396039604	24946
24.2178217822	3120
25.2772277228	5394
29.1188118812	20027
28.4257425743	16473
26.099009901	7603
28.2079207921	15253
29.7524752475	23279
25.6336633663	6365
28.2178217822	15478
25.5544554455	6189
28.8415841584	18246
27.0396039604	10761
23.1485148515	1540
23.0495049505	1420
29.6930693069	23283
29.6633663366	22822
26.198019802	7974
27.5544554455	12309
29.8514851485	23788
22.3267326733	800
30.0297029703	24981
27.5247524752	12443
26.3069306931	8379
29.9207920792	24570
27.5841584158	12702
26.3168316832	8278
24.2673267327	3214
25.4554455446	5906
22.9405940594	1391
30.7821782178	29727
24.7524752475	4160
30.5643564356	28220
26.8712871287	9923
30.5742574257	28253
26.2277227723	8098
24.4554455446	3646
31.1683168317	32090
27.0099009901	10578
29.2277227723	20309
29.0297029703	19365
24.0594059406	2740
28.6336633663	17455
29.0594059406	19448
26.603960396	9315
33.603960396	56199
30.1287128713	25598
25.702970297	6446
30.4455445545	27386
28.1782178218	15175
22.3564356436	893
25.6633663366	6302
23.7227722772	2288
31.6138613861	35201
25.0693069307	4894
21.0099009901	299
28.2475247525	15224
27.7821782178	13460
24.4455445545	3616
25.5940594059	6378
30.3366336634	26937
26.7128712871	9546
25.0594059406	4927
18.7623762376	44
25.1485148515	5140
24.1386138614	2952
27.8415841584	13761
28.603960396	17118
24.5940594059	3793
24.6336633663	3805
30.6435643564	28798
23.1782178218	1544
23.1584158416	1531
31.6633663366	36083
30.6930693069	29222
26.5742574257	9001
24.7227722772	4065
25.8316831683	6881
28.1386138614	14953
27.5643564356	12561
24.900990099	4622
26.0495049505	7464
29.4158415842	21325
24.8514851485	4399
25.4851485149	5961
29.5544554455	22317
27.1881188119	11100
27.3267326733	11896
27.9504950495	14285
29.3465346535	21184
28.6930693069	17694
27.8316831683	13582
28.8811881188	18477
27.7128712871	13314
23.603960396	2083
25.900990099	7028
28.495049505	16865
26.9702970297	10638
29.4257425743	21489
28.0693069307	14661
27.8811881188	14086
24.4356435644	3497
26.6732673267	9408
25.9108910891	7164
30.9900990099	31285
29.5940594059	22436
27.0792079208	10678
23.6138613861	2123
22.7128712871	1109
26.9405940594	10527
27.2772277228	11687
26.6138613861	9384
27.9702970297	14144
21.5742574257	489
24.2277227723	3063
26.3762376238	8548
24.3564356436	3365
26.1881188119	7967
29.8415841584	23875
30.5445544554	28114
29.099009901	19664
25.8613861386	6955
26.1287128713	7760
32.8811881188	45896
25.801980198	6683
24.1188118812	2952
25.9801980198	7263
24.702970297	4188
29.1584158416	19903
29.603960396	22502
26.1782178218	7890
24.3366336634	3228
25.7524752475	6633
27.0891089109	10913
26.5445544554	8901
20.5346534653	196
20.9405940594	293
24.3168316832	3355
24.9306930693	4510
23.9207920792	2614
23.1683168317	1521
28.0495049505	14793
28.0	14440
27.8217821782	13783
24.7722772277	4240
30.9603960396	31241
27.2475247525	11336
23.9702970297	2586
26.1485148515	7809
24.7425742574	4168
22.1188118812	722
25.1386138614	5125
27.7227722772	13247
24.6138613861	3924
25.1881188119	5186
28.5346534653	16909
21.7623762376	526
24.6633663366	4046
29.1881188119	20287
27.4752475248	12252
21.3366336634	414
25.8217821782	6863
25.3069306931	5445
24.6237623762	3854
31.3069306931	33534
29.0099009901	19302
24.0693069307	2828
25.7920792079	6804
26.0792079208	7658
25.7821782178	6821
26.5544554455	8995
22.3465346535	845
24.2475247525	3182
29.0	19170
30.1485148515	25876
26.8910891089	10071
26.8316831683	9983
24.8613861386	4443
26.4158415842	8705
25.1782178218	5060
24.3465346535	3305
22.900990099	1362
24.7326732673	4180
23.1287128713	1580
23.6930693069	2177
26.5940594059	9251
28.8118811881	18300
23.8613861386	2534
25.9504950495	7133
25.8712871287	6901
23.4851485149	1889
24.5544554455	3792
24.504950495	3719
26.4851485149	8862
23.8514851485	2454
25.5841584158	6350
27.1287128713	11019
26.4554455446	8805
22.7326732673	1109
22.099009901	743
26.0	7348
28.4851485149	16710
23.6732673267	2282
26.0594059406	7520
28.8613861386	18321
23.9603960396	2636
25.6534653465	6191
23.8118811881	2437
24.5148514851	3709
25.9603960396	7264
22.4752475248	927
26.9603960396	10220
22.7425742574	1196
20.7821782178	243
27.9603960396	14376
17.8811881188	42
25.6831683168	6628
20.8217821782	220
20.6138613861	189
27.4257425743	12027
22.0792079208	677
22.297029703	824
24.9504950495	4603
27.0198019802	10368
25.6732673267	6359
23.6336633663	2180
24.8910891089	4436
24.2871287129	3205
21.198019802	289
25.099009901	4962
25.7623762376	6481
24.9108910891	4559
23.9405940594	2587
22.2574257426	855
25.3366336634	5488
19.0297029703	106
24.3069306931	3287
22.9900990099	1373
27.9108910891	13960
25.5742574257	6054
22.603960396	1061
23.6831683168	2139
21.6237623762	488
22.7722772277	1173
23.4653465347	1769
23.900990099	2567
24.0099009901	2717
21.702970297	537
25.4455445545	5860
25.1584158416	5186
24.6435643564	4098
26.5247524752	8883
25.0	4681
24.4653465347	3463
24.1584158416	2960
23.7425742574	2189
23.9504950495	2691
29.3762376238	21237
21.8712871287	596
22.1782178218	696
23.2772277228	1616
25.2376237624	5338
28.0297029703	14410
24.1881188119	2928
27.2673267327	11706
24.7623762376	4200
25.1188118812	4966
23.6534653465	2114
25.5247524752	5988
23.4059405941	1842
24.0495049505	2712
22.0594059406	704
24.8712871287	4374
23.2178217822	1661
26.4653465347	8742
26.2475247525	8151
22.3663366337	846
24.0891089109	2847
22.1881188119	740
22.1485148515	716
26.9108910891	10258
24.0	2666
24.603960396	3904
26.2376237624	8021
24.495049505	3669
26.1089108911	7606
22.8910891089	1308
25.4257425743	5704
21.0	294
23.8316831683	2379
25.0297029703	4804
23.5148514851	1963
25.6237623762	6264
22.4554455446	927
26.5148514851	8844
25.0891089109	5035
23.5247524752	1924
23.8811881188	2451
22.7524752475	1138
25.0198019802	4741
24.3861386139	3453
21.8910891089	576
24.3267326733	3303
26.7623762376	9815
21.6633663366	509
26.5841584158	9047
22.0495049505	686
22.4059405941	872
24.6534653465	4059
20.3168316832	147
26.8613861386	10126
22.5940594059	1055
21.2277227723	352
15.4653465347	66
23.7722772277	2367
24.7821782178	4138
21.1683168317	302
24.2376237624	3132
26.7326732673	9680
23.495049505	1893
21.396039604	390
26.5643564356	8964
24.9207920792	4518
25.2871287129	5347
26.2079207921	7912
25.5346534653	6226
26.6336633663	9154
23.0396039604	1390
21.0396039604	303
23.9801980198	2681
24.9801980198	4640
22.0297029703	660
25.1089108911	4977
21.3762376238	409
23.4257425743	1815
24.9900990099	4667
25.0495049505	4841
27.4554455446	12253
20.396039604	194
15.4158415842	49
19.5940594059	58
20.495049505	206
23.099009901	1505
21.8217821782	585
23.9900990099	2649
26.8811881188	10140
19.702970297	119
16.3069306931	58
28.3762376238	16316
25.6138613861	6282
22.8613861386	1243
23.1089108911	1504
21.9801980198	674
22.3069306931	819
24.8217821782	4454
25.7326732673	6680
25.504950495	5981
22.4851485149	956
24.7920792079	4226
25.2277227723	5303
22.9801980198	1397
20.4851485149	179
25.5148514851	6010
23.9306930693	2502
23.6633663366	2186
24.9702970297	4584
22.396039604	887
25.4059405941	5746
23.2475247525	1628
23.198019802	1611
24.4158415842	3481
22.9306930693	1296
24.4851485149	3571
21.801980198	617
20.099009901	148
19.0693069307	78
22.5643564356	1039
22.1089108911	681
24.3762376238	3366
23.5643564356	2061
25.9306930693	7108
23.0198019802	1353
22.8217821782	1204
23.0	1454
22.6336633663	1039
22.5148514851	947
23.5940594059	2031
24.6831683168	3952
24.4752475248	3573
21.9405940594	586
23.3267326733	1683
23.4554455446	1913
24.9405940594	4672
20.9207920792	248
23.801980198	2378
23.4455445545	1879
22.2178217822	766
24.2079207921	3049
21.4554455446	466
22.8514851485	1245
23.2574257426	1625
23.2673267327	1622
21.0198019802	302
23.8910891089	2482
20.5643564356	204
24.1287128713	2835
26.297029703	8155
23.0297029703	1427
27.1584158416	11057
20.9900990099	278
21.1881188119	355
22.4653465347	910
23.5841584158	2054
23.6237623762	2168
21.8613861386	597
23.4158415842	1762
24.297029703	3227
22.4158415842	859
25.5445544554	6148
21.5544554455	451
18.4356435644	82
22.3861386139	811
20.2772277228	139
22.8118811881	1249
20.2376237624	156
13.5841584158	36
22.5247524752	949
17.5940594059	92
20.504950495	207
19.603960396	102
19.7524752475	128
20.8514851485	244
23.3168316832	1755
25.603960396	6205
22.801980198	1230
25.297029703	5528
21.2871287129	387
23.8415841584	2377
22.6831683168	1098
22.0	651
23.0792079208	1483
22.2376237624	778
19.8613861386	143
22.6633663366	1108
23.3861386139	1761
21.3564356436	382
21.3069306931	338
22.5742574257	940
23.297029703	1727
25.2475247525	5294
22.6930693069	1128
21.1089108911	297
23.0693069307	1458
22.6435643564	1083
20.9108910891	249
22.504950495	1019
24.198019802	3125
20.7128712871	190
21.8415841584	567
23.5742574257	2062
23.7821782178	2350
22.3366336634	856
20.1287128713	94
20.2871287129	149
22.2673267327	785
13.7821782178	36
21.8316831683	551
22.5445544554	984
22.2772277228	772
22.8316831683	1219
21.4752475248	495
24.0792079208	2824
23.3366336634	1806
23.0594059406	1408
22.4257425743	885
21.900990099	641
21.2574257426	334
20.3861386139	175
21.297029703	348
23.0891089109	1483
22.9702970297	1325
23.5346534653	1931
22.2871287129	849
22.9603960396	1285
21.5445544554	386
23.3069306931	1658
22.5346534653	914
21.4455445545	445
21.1287128713	350
21.9306930693	602
23.1188118812	1573
23.2277227723	1707
21.3465346535	389
24.1485148515	2911
18.6732673267	82
24.5643564356	3729
22.0693069307	730
24.2772277228	3167
22.8415841584	1283
22.6237623762	1063
21.9603960396	621
19.3069306931	81
24.6732673267	3868
20.5940594059	255
21.5940594059	436
20.9702970297	234
20.7920792079	272
17.0297029703	4
22.0396039604	647
22.1386138614	706
20.3069306931	189
21.4851485149	434
21.7722772277	566
20.6831683168	218
22.1584158416	720
21.5148514851	469
23.1386138614	1554
20.7227722772	187
21.9108910891	644
23.6435643564	2104
23.396039604	1806
22.4356435644	868
22.702970297	1107
22.7623762376	1142
21.0594059406	301
19.6534653465	108
23.7128712871	2236
23.8712871287	2542
22.9108910891	1256
20.7425742574	261
22.4455445545	1017
21.5247524752	429
21.2079207921	359
24.2574257426	3154
22.8712871287	1242
17.0	85
13.9801980198	51
21.6534653465	490
20.0099009901	142
22.1683168317	743
21.1584158416	344
21.9504950495	660
22.9207920792	1299
19.2079207921	68
19.6732673267	116
17.7425742574	76
20.4257425743	137
23.0099009901	1411
16.5346534653	1
23.3663366337	1677
21.3861386139	384
20.297029703	166
22.495049505	1007
20.4752475248	154
20.801980198	253
20.8118811881	253
20.4455445545	194
18.6138613861	33
22.198019802	807
22.9504950495	1291
22.3168316832	860
20.2673267327	156
22.6138613861	1033
22.7920792079	1252
18.7326732673	106
19.8118811881	145
22.2475247525	870
20.3267326733	129
19.1188118812	85
21.6831683168	560
21.7326732673	504
18.4554455446	14
14.2772277228	52
15.6633663366	71
21.7425742574	546
21.4653465347	397
19.0792079208	112
13.6831683168	44
21.8514851485	612
21.5841584158	453
21.1386138614	343
20.0	136
21.9900990099	596
20.2475247525	171
19.3762376238	117
19.6930693069	78
21.2178217822	348
22.0099009901	678
20.2574257426	183
19.3663366337	111
15.8613861386	49
18.1782178218	39
22.6534653465	1107
15.0693069307	54
19.7425742574	95
16.4059405941	68
14.7722772277	68
21.2772277228	393
21.9207920792	655
19.2277227723	97
13.4356435644	36
13.8811881188	40
21.2475247525	365
18.1386138614	92
21.2376237624	388
21.7524752475	584
20.9801980198	298
20.1386138614	146
24.0297029703	2744
22.7227722772	1112
22.7821782178	1214
20.5445544554	225
17.3366336634	14
16.2079207921	84
20.2178217822	163
20.3564356436	179
23.3762376238	1803
18.9603960396	49
20.0396039604	120
19.2772277228	106
17.8415841584	91
14.2277227723	47
21.1188118812	302
21.7128712871	483
22.2277227723	766
20.7524752475	270
20.6633663366	213
19.7128712871	141
19.9504950495	148
20.4158415842	171
15.8118811881	58
19.504950495	106
21.8118811881	567
20.900990099	248
21.6930693069	479
21.0792079208	312
17.198019802	89
21.603960396	492
20.5544554455	211
18.9207920792	63
20.6732673267	182
20.3465346535	210
21.5643564356	487
21.3267326733	389
20.6534653465	221
22.6732673267	1067
14.9207920792	71
16.6534653465	62
20.6237623762	179
21.4356435644	425
18.1881188119	83
21.3663366337	369
19.7227722772	117
18.1287128713	36
20.0297029703	73
18.6633663366	39
16.0594059406	72
12.6930693069	9
21.7920792079	489
17.8910891089	87
20.198019802	164
19.099009901	41
18.4257425743	57
19.900990099	139
18.3564356436	7
18.6831683168	80
22.3762376238	865
19.4455445545	50
19.5643564356	121
19.4752475248	110
20.6930693069	241
21.6138613861	481
20.7326732673	219
18.0396039604	90
14.4257425743	49
14.7227722772	70
20.3663366337	192
20.8415841584	277
21.7821782178	547
21.504950495	437
21.0891089109	350
21.1485148515	335
20.7623762376	212
19.4158415842	107
19.3267326733	109
21.9702970297	655
20.5742574257	172
19.4059405941	97
19.4851485149	49
21.4257425743	464
17.1386138614	22
20.8316831683	271
17.6435643564	89
12.5940594059	20
19.1782178218	93
20.6336633663	194
16.1089108911	57
21.5346534653	454
20.9504950495	324
21.099009901	305
17.7524752475	2
21.2673267327	346
15.2178217822	59
20.1584158416	161
17.8217821782	14
18.6237623762	60
21.6732673267	500
18.9801980198	103
18.5247524752	59
20.9603960396	265
22.5544554455	995
20.1782178218	116
21.6336633663	477
18.9702970297	69
18.3465346535	10
17.2475247525	67
20.5148514851	167
14.3762376238	50
15.1683168317	45
16.9900990099	10
22.0891089109	750
20.4356435644	173
19.8811881188	67
16.7524752475	66
19.6138613861	139
15.1188118812	59
15.5643564356	56
20.0198019802	144
21.0495049505	296
19.5841584158	52
20.5247524752	171
13.4851485149	31
19.5445544554	77
20.603960396	198
16.1584158416	66
20.1683168317	149
19.4653465347	96
16.801980198	53
19.1584158416	57
20.1881188119	128
16.9702970297	2
20.8910891089	273
20.1089108911	169
14.8712871287	58
21.8811881188	601
18.8514851485	23
19.7623762376	139
20.702970297	243
19.3564356436	87
20.2277227723	129
15.0198019802	70
16.7425742574	10
19.0099009901	47
21.3168316832	351
21.0693069307	288
18.2871287129	86
21.6435643564	461
20.3366336634	160
19.2673267327	91
20.0693069307	144
16.5544554455	76
15.9108910891	66
19.9900990099	122
18.8712871287	73
19.396039604	57
17.396039604	71
19.6633663366	127
18.603960396	18
19.8514851485	113
17.6930693069	95
15.7128712871	66
19.8415841584	89
14.4752475248	58
16.4455445545	7
21.4158415842	408
17.099009901	77
20.3762376238	137
18.4752475248	56
16.3465346535	10
19.4554455446	82
18.2376237624	76
17.297029703	76
17.9801980198	42
16.6930693069	18
19.5148514851	112
19.9702970297	139
22.1287128713	710
18.2277227723	55
17.5445544554	77
18.6534653465	20
19.7821782178	62
17.4455445545	74
14.6237623762	54
15.3168316832	52
20.9306930693	249
13.3366336634	32
20.2079207921	163
18.3366336634	88
18.5643564356	37
20.4059405941	194
19.6435643564	81
20.4653465347	176
19.495049505	46
15.7623762376	61
18.4851485149	104
13.3861386139	32
20.0495049505	144
20.0594059406	162
19.6336633663	42
14.3267326733	41
19.3168316832	109
19.0495049505	36
20.8613861386	245
19.7920792079	89
19.1287128713	103
17.7920792079	78
20.4554455446	199
18.7821782178	115
19.9108910891	141
18.5445544554	4
19.1485148515	41
18.6336633663	101
12.6435643564	18
19.0	31
18.3663366337	28
19.6237623762	145
21.0297029703	342
16.2574257426	63
14.6732673267	49
18.9504950495	36
17.495049505	73
19.7326732673	64
20.0792079208	87
15.801980198	3
17.1485148515	82
16.702970297	78
19.801980198	119
21.1782178218	392
17.9108910891	1
19.0396039604	25
15.9603960396	55
17.7326732673	32
19.4356435644	39
13.7326732673	41
19.9405940594	89
20.1188118812	143
20.6435643564	214
20.5841584158	204
19.3465346535	40
20.1485148515	159
17.3465346535	68
19.9207920792	138
14.0297029703	52
16.8514851485	73
20.7722772277	217
20.8712871287	226
18.504950495	20
16.4554455446	63
18.7128712871	42
20.8811881188	248
12.5445544554	21
19.2178217822	93
17.6831683168	30
18.3762376238	46
14.0792079208	55
14.1287128713	54
18.8811881188	89
19.297029703	43
17.9900990099	78
12.7425742574	19
18.5841584158	95
13.1881188119	39
14.5148514851	1
16.9504950495	81
18.0891089109	99
16.0099009901	62
19.8910891089	98
18.7722772277	80
17.8316831683	35
18.9306930693	103
17.1782178218	7
19.7722772277	116
19.2574257426	80
18.2574257426	12
14.9702970297	68
12.198019802	5
19.8316831683	74
18.3861386139	91
16.504950495	55
18.0297029703	38
17.5346534653	29
18.5346534653	102
19.1683168317	93
19.9603960396	154
18.8316831683	78
19.9801980198	68
18.9108910891	57
17.2871287129	21
17.1881188119	18
19.5742574257	104
19.5544554455	84
19.6831683168	51
18.0792079208	42
18.4158415842	30
13.9306930693	35
18.2772277228	56
18.7227722772	67
18.8217821782	72
16.7920792079	9
12.7920792079	25
18.1188118812	21
19.1089108911	65
17.6336633663	30
17.9702970297	12
14.5247524752	52
19.5247524752	103
13.8316831683	45
15.5148514851	58
16.9405940594	12
19.0594059406	75
18.3267326733	52
18.0099009901	12
17.9207920792	17
12.9900990099	28
14.5742574257	45
19.3861386139	30
14.1782178218	36
18.7524752475	26
16.3564356436	55
17.7821782178	28
18.7425742574	20
19.198019802	45
16.9207920792	1
18.4455445545	6
17.0495049505	61
13.5346534653	37
17.2178217822	3
13.0891089109	35
15.6138613861	62
14.8217821782	46
18.495049505	8
19.2871287129	39
18.5742574257	69
20.0891089109	105
19.0198019802	76
17.6138613861	8
15.2673267327	63
13.6336633663	52
16.9801980198	6
16.4257425743	1
12.8910891089	21
19.9306930693	81
17.9405940594	87
18.0495049505	6
16.900990099	57
17.7128712871	8
19.8712871287	112
15.5841584158	1
18.8910891089	13
16.7326732673	1
18.2178217822	28
18.1683168317	19
17.4257425743	10
19.4257425743	112
18.3168316832	29
13.2376237624	27
18.1485148515	8
16.603960396	67
19.5346534653	42
18.0198019802	19
17.4851485149	30
17.8514851485	3
19.2475247525	41
19.0891089109	20
18.2079207921	16
16.6633663366	1
17.9306930693	35
17.2376237624	23
18.5544554455	18
17.0396039604	11
15.603960396	2
17.9603960396	8
19.1386138614	25
16.2475247525	9
15.7524752475	7
12.3465346535	10
16.8415841584	13
14.7128712871	1
18.900990099	30
19.1881188119	36
17.7227722772	17
18.4653465347	23
40.7425742574	36
17.7623762376	3
13.1386138614	31
17.4554455446	2
18.9405940594	23
17.5841584158	22
18.5148514851	29
15.1584158416	2
18.8613861386	52
18.801980198	18
17.0891089109	23
12.1485148515	8
15.3663366337	52
19.3366336634	35
18.5940594059	10
18.8118811881	44
18.702970297	17
17.2772277228	5
16.5940594059	8
18.0594059406	6
17.0792079208	5
18.6435643564	10
15.0594059406	1
12.297029703	13
17.6732673267	15
13.0396039604	27
17.4653465347	1
17.4158415842	3
17.2277227723	7
18.2475247525	7
13.2871287129	22
18.1089108911	6
18.0693069307	13
17.2574257426	2
16.1485148515	10
12.8415841584	21
18.7920792079	19
18.4059405941	18
17.7722772277	12
12.9405940594	19
17.4356435644	25
18.6930693069	8
19.2376237624	25
16.0495049505	1
17.3861386139	18
17.8712871287	19
17.3267326733	3
15.504950495	2
12.495049505	8
18.8415841584	13
15.4059405941	3
16.6831683168	2
12.396039604	10
17.5742574257	14
15.900990099	5
15.2574257426	2
16.8811881188	5
18.9900990099	12
18.2673267327	29
16.5445544554	10
15.5544554455	5
17.6633663366	3
16.0	4
16.099009901	7
18.099009901	6
16.8910891089	12
15.6534653465	1
18.3069306931	12
16.6435643564	5
18.198019802	4
17.1287128713	4
16.2376237624	2
15.9504950495	2
17.4752475248	8
16.3861386139	2
17.4059405941	4
17.1584158416	1
16.4851485149	1
12.0	4
13.9207920792	1
18.1584158416	12
16.297029703	4
16.3663366337	1
18.396039604	7
16.198019802	6
17.0693069307	4
12.4455445545	6
16.495049505	4
16.0891089109	1
12.2475247525	7
16.7821782178	4
17.3069306931	1
17.8613861386	11
17.8118811881	4
17.3564356436	1
17.3762376238	4
16.6336633663	1
16.2871287129	1
17.2079207921	2
15.9405940594	2
14.2673267327	1
16.5247524752	1
17.3168316832	2
16.3267326733	2
14.5544554455	1
16.3762376238	1
16.1881188119	3
17.603960396	3
17.5247524752	9
16.4356435644	1
17.6237623762	6
17.1188118812	1
13.2277227723	1
16.2178217822	1
14.8613861386	2
14.9108910891	2
17.801980198	1
15.3465346535	1
17.5643564356	3
15.8910891089	1
16.8316831683	2
17.0099009901	1
15.3564356436	3
15.2079207921	2
16.9306930693	3
17.0594059406	1
15.4554455446	2
15.4851485149	1
16.8217821782	1
17.1683168317	1
15.3069306931	1
15.0099009901	1
15.6435643564	1
14.9603960396	1
17.2673267327	2
14.1683168317	1
16.7722772277	1
16.5841584158	1
17.3663366337	1
17.5148514851	3
17.9504950495	1
18.0	1
18.297029703	1
15.7920792079	1
17.5544554455	1
17.6534653465	2
17.900990099	2
40.6732673267	3
40.5940594059	1
16.6237623762	1
16.1386138614	1
17.702970297	1
15.9900990099	1
15.6930693069	1
15.396039604	1
