Mean Quality Score
31.2643019407
31.4423041407
35.328272462
35.9287173909
36.0983526032
39.5733639973
39.7366044543
39.8162902579
40.0098363169
40.066305108
40.1043786175
40.1188941478
40.0642501054
40.071036622
40.073171105
40.0660720185
39.9829783604
40.0135833513
40.0212350457
40.0139145531
39.9832034499
40.0437803274
39.9737509767
40.0182101238
39.9716742561
39.9572809319
39.8954167035
39.9212715071
39.8634985446
39.907366581
39.8104372253
39.8705995224
39.8523755485
39.895397397
39.9117944198
39.9041676369
39.8940528068
39.8688506753
39.8807028093
39.8698939717
39.8523305213
39.8377414239
39.829732292
39.8254891899
39.7438851198
39.7812734201
39.7913422649
39.7858763823
39.7808060105
39.775670738
39.7765712829
39.7676633294
39.6878641924
39.7225901342
39.729441169
39.7260584572
39.6717906384
39.6890044972
39.6761170806
39.6655634881
39.6455321119
39.6408038437
39.5893059768
39.6072098515
39.5939995166
39.5810146401
39.5690648864
39.5589399448
39.544322313
39.4485906886
39.4670721762
39.4628286693
39.4536429323
39.4321050236
39.4074181947
39.3836619068
38.6462954911
39.0574440401
39.1777219388
39.2293859434
39.321017352
39.3274846311
39.3045827322
39.2891505769
39.2710866651
39.2637882375
39.2207014249
39.074769831
39.1105877029
39.1150311372
39.0973183998
39.0542449638
39.0174002417
38.9617968431
38.9370251738
38.9404449678
38.922414496
38.7016088885
38.753279269
38.8314366019
37.6682887129
