Average qual score & Frequency
31.07920792079208	50152
37.04950495049505	155015
33.198019801980195	67635
18.534653465346533	23474
38.257425742574256	240509
33.13861386138614	66360
40.00990099009901	891817
36.227722772277225	122148
40.31683168316832	1414448
37.54455445544554	183740
39.801980198019805	684461
34.79207920792079	91155
35.89108910891089	111910
38.56435643564357	274536
39.23762376237624	409043
39.37623762376238	454067
32.198019801980195	58023
37.742574257425744	198173
39.92079207920792	803254
32.2970297029703	58582
37.28712871287129	166928
39.06930693069307	361462
40.02970297029703	979154
40.148514851485146	1202650
35.02970297029703	97283
23.742574257425744	25915
37.46534653465346	178182
39.881188118811885	758504
38.87128712871287	321687
39.772277227722775	684027
36.20792079207921	121155
36.62376237623762	135717
39.336633663366335	439804
39.89108910891089	767093
38.82178217821782	312367
21.455445544554454	21179
38.76237623762376	303279
40.06930693069307	1064978
40.23762376237624	1537619
40.277227722772274	1410744
38.0	217922
37.633663366336634	190843
39.00990099009901	349940
29.059405940594058	40325
32.82178217821782	63454
40.13861386138614	1027389
19.237623762376238	12094
38.92079207920792	330711
39.73267326732673	653006
35.06930693069307	94368
39.99009900990099	905005
36.40594059405941	127548
36.386138613861384	127000
37.198019801980195	163125
37.613861386138616	188741
37.118811881188115	158996
40.35643564356435	1377345
36.89108910891089	147181
38.07920792079208	223242
39.05940594059406	359719
28.26732673267327	37597
37.75247524752475	197403
35.76237623762376	108536
35.9009900990099	112099
40.198019801980195	1461436
33.95049504950495	75896
40.15841584158416	1320422
40.26732673267327	1073541
38.613861386138616	281576
40.227722772277225	1064331
36.35643564356435	125824
38.98019801980198	342197
38.46534653465346	262112
40.118811881188115	1175495
39.75247524752475	649166
29.89108910891089	43726
36.9009900990099	147268
38.475247524752476	263770
17.396039603960396	30030
39.67326732673267	602210
38.20792079207921	235199
34.76237623762376	89820
23.435643564356436	26104
34.95049504950495	94130
36.81188118811881	143409
39.554455445544555	536132
38.53465346534654	271567
21.89108910891089	21604
38.06930693069307	222431
39.71287128712871	622142
39.257425742574256	415400
35.198019801980195	98067
36.04950495049505	116269
36.06930693069307	117273
31.73267326732673	54629
30.11881188118812	44935
39.65346534653465	590937
29.475247524752476	42219
40.17821782178218	1067305
29.04950495049505	40535
39.742574257425744	651216
39.24752475247525	411673
39.87128712871287	768316
21.18811881188119	23602
38.663366336633665	289220
40.05940594059406	986307
26.376237623762375	31872
39.93069306930693	809639
27.683168316831683	35154
36.10891089108911	118488
36.801980198019805	143182
27.831683168316832	36385
34.46534653465346	83857
39.78217821782178	689704
40.0	892885
39.960396039603964	847027
38.584158415841586	276995
39.26732673267327	418549
39.35643564356435	448222
39.59405940594059	557105
39.07920792079208	365617
39.76237623762376	658706
37.43564356435643	175719
40.10891089108911	1146358
38.43564356435643	259811
37.57425742574257	185819
39.663366336633665	589804
39.603960396039604	562372
39.95049504950495	846843
40.07920792079208	1052421
39.0990099009901	369234
40.12871287128713	1069536
19.287128712871286	12493
40.18811881188119	1187521
39.68316831683168	614229
32.00990099009901	56538
34.198019801980195	79280
35.7029702970297	106974
37.40594059405941	175435
16.95049504950495	30115
37.722772277227726	196101
32.0	56542
25.702970297029704	29770
32.06930693069307	57016
39.64356435643565	587690
20.22772277227723	17746
29.0	40260
39.51485148514851	513167
37.35643564356435	172215
35.59405940594059	104599
40.039603960396036	955013
25.04950495049505	28527
37.18811881188119	162605
40.08910891089109	974084
38.81188118811881	311330
38.34653465346535	250024
34.257425742574256	80411
39.84158415841584	719988
24.247524752475247	26867
28.168316831683168	37366
39.31683168316832	434361
24.22772277227723	26853
39.94059405940594	832446
16.425742574257427	864
36.21782178217822	121507
37.62376237623762	188408
37.524752475247524	181650
39.34653465346535	443417
38.801980198019805	310050
34.54455445544554	85305
31.84158415841584	55620
37.32673267326733	169470
39.851485148514854	729684
25.752475247524753	30259
40.306930693069305	1132059
38.693069306930695	291110
29.821782178217823	43621
38.9009900990099	328626
28.96039603960396	39928
39.08910891089109	368933
39.54455445544554	530150
32.79207920792079	63004
25.801980198019802	30656
29.653465346534652	43092
38.306930693069305	244607
18.03960396039604	26715
24.485148514851485	27533
36.31683168316832	124505
39.79207920792079	683944
39.82178217821782	728154
39.9009900990099	789002
39.42574257425743	474592
40.0990099009901	1018447
23.07920792079208	24870
38.83168316831683	314497
37.0990099009901	156640
39.306930693069305	430151
30.633663366336634	47910
37.603960396039604	187679
39.386138613861384	459219
34.504950495049506	84456
29.900990099009903	44042
39.45544554455446	487026
29.18811881188119	40759
35.87128712871287	112173
23.04950495049505	24979
18.81188118811881	23130
21.04950495049505	20881
32.742574257425744	62885
33.56435643564357	71477
37.17821782178218	161558
38.7029702970297	293677
39.613861386138616	565862
39.2970297029703	427615
26.138613861386137	31388
39.495049504950494	505745
38.18811881188119	233911
20.564356435643564	18458
39.504950495049506	509337
38.504950495049506	266854
39.17821782178218	392700
39.86138613861386	760660
40.01980198019802	938696
40.04950495049505	927567
17.18811881188119	18936
31.316831683168317	51842
21.128712871287128	24490
39.98019801980198	886691
36.24752475247525	122436
30.07920792079208	44830
37.84158415841584	203923
24.782178217821784	27843
39.7029702970297	618857
39.81188118811881	705491
28.623762376237625	38282
38.71287128712871	296215
38.554455445544555	272863
22.405940594059405	24685
33.554455445544555	71169
26.396039603960396	31934
39.18811881188119	394046
39.445544554455445	481644
37.881188118811885	208107
32.92079207920792	64534
36.396039603960396	127086
37.227722772277225	164158
34.68316831683168	87731
38.118811881188115	226459
38.94059405940594	335340
33.73267326732673	73036
36.65346534653465	137724
35.584158415841586	105238
35.227722772277225	100735
38.54455445544554	271909
28.15841584158416	37256
39.524752475247524	518026
39.693069306930695	621815
39.28712871287129	423175
39.415841584158414	470189
38.00990099009901	217887
37.97029702970297	214963
39.148514851485146	384659
19.89108910891089	21728
39.15841584158416	385923
39.475247524752476	494390
17.73267326732673	24755
34.84158415841584	92666
38.79207920792079	307141
21.980198019801982	22822
29.168316831683168	40804
23.762376237623762	26365
39.396039603960396	462709
39.118811881188115	374696
23.306930693069308	25057
38.95049504950495	338108
38.91089108910891	329605
37.93069306930693	210800
31.564356435643564	53491
39.57425742574257	543690
35.613861386138616	105203
38.17821782178218	232074
32.31683168316832	59502
39.48514851485149	499437
33.76237623762376	73839
34.59405940594059	86150
36.28712871287129	123465
35.93069306930693	113013
36.039603960396036	116590
38.396039603960396	255035
39.21782178217822	403487
24.405940594059405	27722
38.57425742574257	276611
33.40594059405941	69389
33.386138613861384	69241
38.37623762376238	253310
35.15841584158416	95919
38.495049504950494	264768
33.415841584158414	69281
23.73267326732673	26355
18.455445544554454	12924
32.08910891089109	56938
33.24752475247525	67534
31.455445544554454	52827
30.02970297029703	44566
34.396039603960396	82339
34.81188118811881	90405
35.742574257425744	107921
23.89108910891089	26221
38.722772277227726	297595
38.10891089108911	226547
39.40594059405941	468013
24.435643564356436	27350
37.82178217821782	203753
36.693069306930695	138789
39.02970297029703	353323
23.495049504950494	25343
38.68316831683168	290878
36.91089108910891	148136
37.67326732673267	192188
32.98019801980198	64850
38.59405940594059	277159
26.603960396039604	32397
32.10891089108911	57778
39.32673267326733	438497
34.92079207920792	91933
29.99009900990099	44251
29.693069306930692	43175
28.722772277227723	38979
36.257425742574256	123127
35.722772277227726	108156
22.93069306930693	24744
38.01980198019802	219749
17.693069306930692	28909
37.851485148514854	204899
27.801980198019802	36119
37.584158415841586	186293
36.277227722772274	124117
23.366336633663366	25284
36.59405940594059	134455
33.05940594059406	65906
39.366336633663366	450646
25.425742574257427	29671
26.96039603960396	33438
30.435643564356436	47092
38.31683168316832	246005
29.95049504950495	43982
38.28712871287129	244516
37.15841584158416	160149
38.16831683168317	230827
36.42574257425743	128864
19.26732673267327	26115
36.84158415841584	144772
26.742574257425744	32653
31.683168316831683	54178
35.554455445544555	103587
33.94059405940594	76027
37.7029702970297	193852
16.84158415841584	14429
29.15841584158416	40181
37.94059405940594	210928
37.495049504950494	180150
33.26732673267327	67923
37.0	152032
30.524752475247524	47130
29.84158415841584	43722
28.792079207920793	39302
38.62376237623762	283378
27.900990099009903	36311
39.56435643564357	539318
17.445544554455445	29843
29.03960396039604	40297
33.445544554455445	69778
36.07920792079208	117173
39.97029702970297	852633
38.45544554455446	260327
35.31683168316832	98699
38.32673267326733	247485
37.148514851485146	160079
37.960396039603964	214061
30.544554455445546	47375
37.86138613861386	205783
34.148514851485146	78844
18.465346534653467	21014
39.722772277227726	640025
37.10891089108911	158230
27.89108910891089	36201
38.277227722772274	242591
35.45544554455446	101886
31.02970297029703	50223
32.13861386138614	57741
15.861386138613861	21070
39.584158415841586	548517
28.584158415841586	38280
35.73267326732673	108382
35.53465346534654	104685
33.78217821782178	73535
36.118811881188115	118750
36.97029702970297	151104
29.306930693069308	41288
32.16831683168317	57463
35.97029702970297	114238
19.633663366336634	14597
27.73267326732673	35537
31.524752475247524	53405
36.43564356435643	129016
32.89108910891089	64667
23.99009900990099	26411
37.02970297029703	154291
29.980198019801982	44496
22.18811881188119	22301
36.32673267326733	125503
33.366336633663366	69401
35.05940594059406	94771
38.42574257425743	258664
35.148514851485146	97153
36.00990099009901	115295
36.26732673267327	122963
33.00990099009901	65180
31.88118811881188	55401
30.683168316831683	48228
34.722772277227726	88091
35.21782178217822	96965
37.68316831683168	193409
37.76237623762376	198048
19.445544554455445	19679
23.445544554455445	25445
22.95049504950495	25034
35.881188118811885	111540
36.82178217821782	143947
37.59405940594059	187897
21.792079207920793	21756
34.64356435643565	87422
36.75247524752475	141202
40.21782178217822	1198097
25.02970297029703	28923
30.594059405940595	47372
32.524752475247524	60542
38.51485148514851	268423
39.83168316831683	723122
34.336633663366335	81306
20.485148514851485	23677
36.7029702970297	138909
39.0	347278
38.02970297029703	218629
38.0990099009901	226592
37.00990099009901	153743
33.99009900990099	76388
38.05940594059406	222772
33.34653465346535	68816
38.148514851485146	231085
35.851485148514854	110667
37.56435643564357	184805
33.51485148514851	70484
25.643564356435643	29935
22.326732673267326	22880
38.40594059405941	254555
26.722772277227723	32372
39.039603960396036	356977
39.13861386138614	381237
38.851485148514854	317891
36.99009900990099	151834
37.23762376237624	164443
31.198019801980198	50908
33.62376237623762	71491
39.16831683168317	387020
21.07920792079208	24498
36.87128712871287	146091
23.663366336633665	26136
35.2970297029703	99098
24.019801980198018	26680
37.37623762376238	172629
38.039603960396036	220319
36.13861386138614	118930
28.564356435643564	38653
36.0	115383
36.851485148514854	144312
39.633663366336634	581373
34.0990099009901	77688
33.59405940594059	71347
39.91089108910891	807998
34.86138613861386	91181
33.84158415841584	74731
38.198019801980195	235073
19.73267326732673	15205
36.94059405940594	149285
39.10891089108911	372088
38.67326732673267	289829
35.10891089108911	95570
32.148514851485146	57667
24.396039603960396	27226
24.524752475247524	27483
37.42574257425743	175654
32.56435643564357	61734
34.415841584158414	83591
27.96039603960396	36474
26.633663366336634	32752
38.23762376237624	237954
32.495049504950494	60824
28.871287128712872	39536
25.85148514851485	30505
30.346534653465348	46096
34.15841584158416	78534
25.316831683168317	29404
32.43564356435643	60450
31.584158415841586	53731
37.31683168316832	168184
38.86138613861386	320172
32.34653465346535	59203
32.366336633663366	59141
15.316831683168317	15314
25.871287128712872	30514
30.099009900990097	44647
27.504950495049506	35084
22.15841584158416	24253
31.801980198019802	55414
38.227722772277225	237099
37.01980198019802	154469
37.34653465346535	171786
27.10891089108911	33844
31.722772277227723	54381
22.425742574257427	23204
38.97029702970297	340748
20.96039603960396	19349
21.683168316831683	22721
37.91089108910891	210219
33.68316831683168	72457
26.14851485148515	31288
28.801980198019802	39518
38.89108910891089	325359
35.84158415841584	110501
23.485148514851485	26084
24.91089108910891	28037
38.24752475247525	239830
33.53465346534654	70763
28.633663366336634	38906
24.97029702970297	28591
38.366336633663366	250857
40.16831683168317	1203944
32.386138613861384	59629
30.138613861386137	45245
37.693069306930695	192862
39.01980198019802	351314
34.51485148514851	84499
18.564356435643564	21531
20.712871287128714	18613
20.623762376237625	19704
18.97029702970297	27528
35.62376237623762	105830
29.73267326732673	43500
35.0	94784
33.663366336633665	72416
32.01980198019802	56555
38.99009900990099	345279
35.98019801980198	114177
23.85148514851485	26059
32.15841584158416	58043
35.603960396039604	104773
28.742574257425744	39080
33.960396039603964	75828
26.643564356435643	32492
35.01980198019802	93496
30.792079207920793	48569
21.871287128712872	24180
31.15841584158416	50828
34.584158415841586	85792
39.43564356435643	477584
22.366336633663366	24071
38.742574257425744	299435
37.16831683168317	161099
30.18811881188119	45774
35.663366336633665	106781
26.544554455445546	32357
36.475247524752476	129975
27.346534653465348	34409
37.772277227722775	199619
30.514851485148515	46925
34.633663366336634	86426
37.06930693069307	156125
35.71287128712871	107970
38.75247524752475	300967
39.12871287128713	377981
29.88118811881188	44084
20.0	25466
28.346534653465348	37545
35.92079207920792	113332
29.742574257425744	43213
27.455445544554454	35293
31.178217821782177	51213
33.92079207920792	75034
29.435643564356436	41841
39.62376237623762	568086
38.73267326732673	298359
30.485148514851485	47228
26.940594059405942	33516
35.40594059405941	100201
23.099009900990097	25233
25.18811881188119	28913
33.039603960396036	65455
27.663366336633665	35573
25.653465346534652	30140
36.445544554455445	129261
17.564356435643564	5963
33.306930693069305	68597
37.306930693069305	168657
23.594059405940595	25673
32.91089108910891	64348
22.247524752475247	23639
26.801980198019802	33045
27.940594059405942	36441
34.693069306930695	87975
29.465346534653467	41948
35.32673267326733	102108
38.336633663366335	248573
35.495049504950494	102973
21.336633663366335	23284
36.554455445544555	133454
35.257425742574256	98129
40.257425742574256	1391759
38.12871287128713	227074
20.504950495049506	21769
20.683168316831683	24203
38.415841584158414	255837
24.93069306930693	28330
31.504950495049506	52762
30.85148514851485	48979
21.633663366336634	22727
36.772277227722775	142476
32.851485148514854	63857
38.65346534653465	286913
37.12871287128713	159386
34.31683168316832	81068
34.01980198019802	76739
30.306930693069308	45933
25.93069306930693	30924
35.35643564356435	99636
27.742574257425744	35763
38.26732673267327	240215
38.48514851485149	265320
16.455445544554454	27584
19.871287128712872	18327
31.356435643564357	52308
36.78217821782178	142952
32.0990099009901	56978
31.95049504950495	55797
38.08910891089109	223824
38.881188118811885	323227
34.26732673267327	80767
16.801980198019802	29617
27.059405940594058	33562
33.18811881188119	66944
31.77227722772277	55145
38.2970297029703	244705
37.48514851485149	179491
30.89108910891089	49279
39.46534653465346	491407
26.613861386138613	32223
32.32673267326733	59332
38.13861386138614	229067
32.881188118811885	64035
27.584158415841586	35219
28.435643564356436	37445
36.415841584158414	128317
24.81188118811881	28087
26.207920792079207	31187
34.48514851485149	84046
29.613861386138613	42785
37.64356435643565	191163
23.207920792079207	24930
21.712871287128714	23592
37.98019801980198	215671
30.97029702970297	49209
30.643564356435643	47669
33.693069306930695	72700
29.722772277227723	43132
36.960396039603964	150724
20.99009900990099	23609
22.782178217821784	24276
32.87128712871287	64106
24.554455445544555	28044
20.88118811881188	24564
38.445544554455445	259421
32.75247524752475	63032
33.89108910891089	75394
35.83168316831683	110746
27.782178217821784	36252
37.53465346534654	182435
34.24752475247525	80510
31.059405940594058	50668
35.48514851485149	103861
21.247524752475247	20750
37.396039603960396	174428
31.08910891089109	50262
17.22772277227723	8964
23.22772277227723	25364
37.73267326732673	197462
27.178217821782177	34101
34.277227722772274	80648
37.45544554455446	177737
30.059405940594058	44506
31.653465346534652	54116
33.93069306930693	75911
38.633663366336634	284349
17.07920792079208	7694
36.722772277227726	139905
34.23762376237624	79759
35.79207920792079	109949
23.544554455445546	25789
29.22772277227723	41018
31.900990099009903	55406
28.77227722772277	39403
29.633663366336634	42825
36.93069306930693	149185
32.039603960396036	57157
34.20792079207921	79258
30.455445544554454	46649
18.435643564356436	24177
36.524752475247524	131450
37.05940594059406	156277
18.633663366336634	23116
31.386138613861387	52299
30.702970297029704	48342
31.594059405940595	54101
23.653465346534652	25523
36.79207920792079	142646
23.683168316831683	26195
38.35643564356435	250681
31.138613861386137	50559
26.564356435643564	32130
36.64356435643565	136868
38.772277227722775	305770
21.722772277227723	24147
33.504950495049506	70623
30.564356435643564	47396
31.91089108910891	56261
33.83168316831683	74766
32.93069306930693	64791
28.544554455445546	38435
36.584158415841586	134608
20.277227722772277	17947
37.21782178217822	163450
27.26732673267327	34255
21.03960396039604	23776
23.326732673267326	25564
27.02970297029703	33222
30.504950495049506	47153
32.48514851485149	60429
26.871287128712872	33196
30.00990099009901	44587
28.366336633663366	37951
35.91089108910891	112521
21.316831683168317	22800
31.445544554455445	52928
32.54455445544554	61194
29.683168316831683	43235
32.633663366336634	61758
38.64356435643565	283543
37.89108910891089	207295
35.18811881188119	99033
32.04950495049505	56424
29.534653465346533	42439
34.742574257425744	90086
33.396039603960396	69114
37.663366336633665	191622
20.475247524752476	19159
25.405940594059405	29552
20.603960396039604	21632
17.019801980198018	2811
28.782178217821784	39337
35.415841584158414	101000
32.960396039603964	64925
35.960396039603964	113160
27.534653465346533	35440
30.871287128712872	49121
26.08910891089109	31071
37.83168316831683	204525
33.37623762376238	68984
24.574257425742573	27698
38.524752475247524	270447
38.78217821782178	305959
36.633663366336634	135795
33.54455445544554	71040
38.21782178217822	235135
31.514851485148515	53190
19.366336633663366	25533
37.554455445544555	183866
27.128712871287128	33742
18.07920792079208	26936
18.712871287128714	22575
38.386138613861384	254543
26.504950495049506	32167
15.712871287128714	19631
30.405940594059405	47035
37.07920792079208	156190
29.96039603960396	44593
34.613861386138616	86544
31.81188118811881	55000
35.99009900990099	114320
39.198019801980195	397472
36.76237623762376	141248
18.752475247524753	15184
28.04950495049505	36730
37.92079207920792	211504
36.2970297029703	123878
35.75247524752475	108357
15.653465346534654	3032
23.455445544554454	25188
30.257425742574256	45890
39.227722772277225	405725
33.227722772277225	67466
33.04950495049505	65620
28.574257425742573	38675
28.900990099009903	39613
28.653465346534652	38709
24.00990099009901	26429
18.623762376237625	27696
37.95049504950495	212682
36.98019801980198	151474
37.79207920792079	199425
16.297029702970296	7921
35.34653465346535	99593
29.594059405940595	42212
32.94059405940594	64807
22.792079207920793	24822
36.57425742574257	133551
32.663366336633665	62311
29.019801980198018	40379
23.02970297029703	25003
37.386138613861384	173403
37.801980198019805	200817
29.11881188118812	40728
37.81188118811881	201716
29.257425742574256	41252
35.95049504950495	114049
39.277227722772274	420817
35.801980198019805	109641
33.524752475247524	70279
24.712871287128714	28044
32.9009900990099	64607
20.831683168316832	24189
33.08910891089109	65912
28.02970297029703	36585
37.13861386138614	159430
28.940594059405942	40248
33.118811881188115	66148
18.782178217821784	22040
27.297029702970296	34431
35.65346534653465	105716
35.13861386138614	98317
31.99009900990099	56515
14.92079207920792	10997
31.03960396039604	50136
27.93069306930693	36099
16.81188118811881	678
35.693069306930695	106650
20.91089108910891	19176
30.782178217821784	48529
39.53465346534654	520929
37.9009900990099	208250
30.821782178217823	48555
24.702970297029704	28129
27.217821782178216	34259
23.96039603960396	26239
36.881188118811885	146681
27.11881188118812	33858
29.26732673267327	41088
21.376237623762375	24255
34.05940594059406	77683
31.346534653465348	52171
17.594059405940595	29663
29.91089108910891	44078
20.594059405940595	24283
24.14851485148515	26797
37.65346534653465	190780
23.871287128712872	26817
37.039603960396036	154635
22.455445544554454	24656
36.68316831683168	137997
35.0990099009901	96211
21.831683168316832	22609
37.99009900990099	215158
33.32673267326733	68706
16.702970297029704	29046
34.445544554455445	83537
38.84158415841584	315371
30.396039603960396	46312
26.277227722772277	31731
25.89108910891089	30827
38.603960396039604	279287
26.26732673267327	31294
28.594059405940595	38434
32.475247524752476	60428
19.198019801980198	18205
31.663366336633665	54238
38.93069306930693	332671
33.67326732673267	72456
17.277227722772277	9481
31.06930693069307	50314
26.019801980198018	31061
33.9009900990099	75591
32.83168316831683	63128
29.673267326732674	42872
33.12871287128713	66364
22.653465346534652	25016
36.46534653465346	129804
36.18811881188119	120327
29.08910891089109	40624
27.475247524752476	34944
26.524752475247524	32327
31.336633663366335	51788
20.722772277227723	20266
31.18811881188119	51260
16.00990099009901	22984
35.94059405940594	113552
23.504950495049506	25477
21.544554455445546	20996
37.26732673267327	166878
36.34653465346535	125334
31.871287128712872	55703
31.613861386138613	53625
25.455445544554454	29757
27.92079207920792	36387
25.06930693069307	28556
20.099009900990097	25283
34.21782178217822	79685
31.85148514851485	55429
37.277227722772274	167441
18.88118811881188	21230
32.613861386138616	61348
33.7029702970297	72922
18.277227722772277	27514
23.673267326732674	26323
27.287128712871286	34547
19.03960396039604	10911
24.623762376237625	27902
23.940594059405942	26186
30.663366336633665	47879
21.485148514851485	22941
36.148514851485146	118838
35.78217821782178	109127
33.98019801980198	76118
31.702970297029704	54019
35.26732673267327	97948
36.15841584158416	118811
36.37623762376238	127313
35.82178217821782	109928
22.099009900990097	23311
37.78217821782178	200462
20.08910891089109	22496
30.801980198019802	48717
19.336633663366335	12820
34.98019801980198	95537
37.71287128712871	195275
28.14851485148515	37299
30.287128712871286	46150
17.237623762376238	19421
33.742574257425744	72971
26.574257425742573	32669
35.277227722772274	101370
26.04950495049505	31182
24.455445544554454	27854
34.71287128712871	88335
23.059405940594058	24513
32.26732673267327	58379
34.04950495049505	77288
36.51485148514851	131236
36.504950495049506	131696
19.84158415841584	21550
37.445544554455445	177806
36.95049504950495	149814
20.207920792079207	22797
24.386138613861387	27272
33.87128712871287	74381
19.643564356435643	20676
30.77227722772277	48718
35.64356435643565	106386
31.287128712871286	51575
35.445544554455445	101720
37.336633663366335	170468
30.673267326732674	47723
27.85148514851485	36191
36.05940594059406	116583
34.227722772277225	79993
28.99009900990099	40013
35.772277227722775	109271
27.22772277227723	33902
31.405940594059405	52279
23.03960396039604	25306
23.336633663366335	26002
22.89108910891089	25236
27.594059405940595	35359
31.792079207920793	55290
28.89108910891089	39692
36.12871287128713	118593
22.178217821782177	22901
30.73267326732673	48024
33.75247524752475	73243
36.0990099009901	117674
24.96039603960396	28535
24.237623762376238	26901
26.386138613861387	31972
26.15841584158416	31186
36.92079207920792	148164
30.96039603960396	49594
30.277227722772277	45688
32.51485148514851	60677
28.613861386138613	38898
19.178217821782177	19964
33.02970297029703	65071
33.336633663366335	68628
38.960396039603964	339709
24.168316831683168	27075
15.910891089108912	21848
24.26732673267327	27267
37.87128712871287	207697
30.722772277227723	48122
23.88118811881188	26293
36.56435643564357	133741
22.643564356435643	24536
31.97029702970297	56056
24.831683168316832	28101
28.92079207920792	40018
27.574257425742573	35147
32.20792079207921	58095
28.178217821782177	37207
18.821782178217823	27476
33.45544554455446	70497
24.10891089108911	27041
30.237623762376238	45616
30.88118811881188	49016
34.386138613861384	82599
35.12871287128713	99041
37.20792079207921	162747
27.673267326732674	35292
18.485148514851485	23754
22.10891089108911	24433
38.04950495049505	221967
34.960396039603964	92494
33.91089108910891	75174
28.257425742574256	37646
25.475247524752476	29613
31.534653465346533	53300
19.95049504950495	25435
31.93069306930693	55737
19.207920792079207	24594
33.86138613861386	74780
21.95049504950495	22964
31.554455445544555	53669
19.96039603960396	23484
28.821782178217823	39593
16.356435643564357	26663
35.57425742574257	106229
30.95049504950495	49382
17.93069306930693	26488
33.48514851485149	70030
25.297029702970296	29111
24.92079207920792	28134
34.07920792079208	77398
26.594059405940595	32250
26.099009900990097	30968
33.57425742574257	71410
21.702970297029704	22066
33.17821782178218	67084
32.584158415841586	61299
31.019801980198018	49632
24.821782178217823	28057
20.00990099009901	23493
33.2970297029703	67703
37.51485148514851	181229
34.57425742574257	85489
18.26732673267327	19511
34.34653465346535	81842
19.06930693069307	27264
29.316831683168317	41490
35.039603960396036	97228
36.366336633663366	126303
19.435643564356436	13526
35.306930693069305	98922
30.940594059405942	49416
33.881188118811885	75190
33.35643564356435	68742
26.237623762376238	31649
34.306930693069305	80469
22.376237623762375	22948
30.336633663366335	45613
22.73267326732673	24025
39.20792079207921	399257
31.306930693069308	51622
29.346534653465348	41781
23.0	24879
26.693069306930692	32379
35.475247524752476	103996
36.17821782178218	119722
32.415841584158414	59922
36.83168316831683	144439
32.336633663366335	59265
31.326732673267326	51834
37.475247524752476	178800
27.752475247524753	36150
35.67326732673267	107046
24.762376237623762	27876
33.64356435643565	72211
32.396039603960396	59711
35.336633663366335	101596
25.722772277227723	30228
31.96039603960396	56372
36.73267326732673	140339
34.13861386138614	78665
29.564356435643564	42846
30.752475247524753	48569
29.00990099009901	40027
20.059405940594058	23304
23.564356435643564	25813
30.06930693069307	44840
35.46534653465346	101509
33.82178217821782	74244
25.554455445544555	30100
34.118811881188115	78181
34.99009900990099	95730
15.613861386138614	18483
29.099009900990097	40677
31.831683168316832	55426
27.07920792079208	33986
21.514851485148515	23639
21.91089108910891	24085
34.87128712871287	90969
23.613861386138613	25820
27.445544554455445	34691
32.24752475247525	58974
29.792079207920793	43547
18.742574257425744	9270
19.801980198019802	25282
18.168316831683168	18727
34.881188118811885	93240
33.15841584158416	66733
22.534653465346533	23587
23.277227722772277	25412
26.99009900990099	33467
16.0	5379
18.861386138613863	23373
34.56435643564357	85684
29.297029702970296	41228
28.861386138613863	39639
38.15841584158416	231880
32.445544554455445	60244
35.54455445544554	103693
27.396039603960396	34668
27.77227722772277	35640
21.019801980198018	21794
30.247524752475247	45560
35.68316831683168	107141
28.73267326732673	39004
34.603960396039604	86670
27.693069306930692	35868
28.06930693069307	36745
25.900990099009903	30672
17.04950495049505	30061
27.03960396039604	33972
24.366336633663366	27408
17.940594059405942	27496
30.91089108910891	49117
18.08910891089109	26491
34.45544554455446	83376
25.504950495049506	29577
29.396039603960396	41539
30.22772277227723	45576
21.06930693069307	21722
17.633663366336634	23495
25.0	28545
26.752475247524753	33054
32.40594059405941	59593
25.03960396039604	28661
37.415841584158414	175261
35.28712871287129	100547
27.91089108910891	36011
24.643564356435643	28035
27.485148514851485	34742
31.257425742574256	51398
22.22772277227723	22874
17.980198019801982	26484
21.85148514851485	22469
23.465346534653467	25204
26.425742574257427	32013
21.257425742574256	20323
26.91089108910891	32842
24.059405940594058	26832
22.524752475247524	23360
31.92079207920792	55963
25.613861386138613	29934
21.287128712871286	23222
24.198019801980198	27241
22.504950495049506	24783
19.04950495049505	17284
35.42574257425743	102868
34.83168316831683	91408
24.99009900990099	28784
28.356435643564357	37727
25.128712871287128	29069
24.257425742574256	27331
27.247524752475247	34506
31.415841584158414	52453
23.574257425742573	26129
32.46534653465346	60095
28.84158415841584	39046
15.811881188118813	20828
35.118811881188115	94978
19.722772277227723	18218
16.207920792079207	24837
28.673267326732674	38584
25.10891089108911	28874
33.722772277227726	72883
23.138613861386137	25549
22.0	22992
36.23762376237624	121904
35.81188118811881	109536
20.633663366336634	24044
26.762376237623762	32633
35.07920792079208	97870
32.554455445544555	61474
34.93069306930693	93777
19.940594059405942	22105
24.504950495049506	27825
37.24752475247525	165657
25.77227722772277	30354
29.544554455445546	42207
24.15841584158416	26983
34.9009900990099	92910
32.21782178217822	58371
35.51485148514851	102793
23.831683168316832	26604
18.237623762376238	25504
34.08910891089109	77396
36.16831683168317	119836
35.08910891089109	97922
20.07920792079208	17251
36.45544554455446	129247
32.78217821782178	63254
24.415841584158414	27565
17.247524752475247	30245
22.138613861386137	22087
31.762376237623762	54931
34.89108910891089	93946
36.53465346534654	132262
31.207920792079207	51059
28.316831683168317	37673
27.623762376237625	35329
20.297029702970296	25005
33.81188118811881	74242
22.762376237623762	24231
20.940594059405942	23764
21.821782178217823	24453
19.277227722772277	19404
17.346534653465348	30107
32.76237623762376	62808
28.099009900990097	36577
26.10891089108911	30855
31.673267326732674	54331
29.198019801980198	40839
37.2970297029703	168755
22.297029702970296	23851
36.08910891089109	117607
25.712871287128714	30351
17.11881188118812	3244
22.415841584158414	23928
19.653465346534652	25239
24.564356435643564	27801
26.257425742574256	31317
23.425742574257427	25829
32.67326732673267	62368
23.643564356435643	25422
33.71287128712871	73013
35.23762376237624	99924
21.861386138613863	24182
16.405940594059405	26797
36.86138613861386	145869
16.099009900990097	6199
35.16831683168317	95607
20.247524752475247	25171
15.544554455445544	425
31.217821782178216	51481
30.207920792079207	45507
23.81188118811881	26447
35.524752475247524	104497
31.980198019801982	56212
30.386138613861387	46143
29.247524752475247	41280
20.10891089108911	22913
34.12871287128713	78430
33.584158415841586	71606
28.88118811881188	39499
31.643564356435643	53845
21.475247524752476	24324
32.17821782178218	58013
16.752475247524753	29010
22.92079207920792	24008
31.475247524752476	52937
18.574257425742573	28095
36.495049504950494	130589
22.861386138613863	24575
29.574257425742573	42693
23.603960396039604	25591
21.386138613861387	23274
16.89108910891089	15221
25.277227722772277	29227
18.900990099009903	16381
21.445544554455445	21080
34.35643564356435	81587
22.594059405940595	24693
26.485148514851485	32046
21.93069306930693	22768
31.89108910891089	55965
31.00990099009901	49703
33.43564356435643	69795
20.306930693069308	22509
29.277227722772277	41189
34.851485148514854	91753
19.168316831683168	26665
26.88118811881188	33440
25.059405940594058	28849
25.198019801980198	29078
33.06930693069307	66018
28.10891089108911	37263
31.752475247524753	55045
26.11881188118812	31369
25.178217821782177	29094
30.178217821782177	45292
30.08910891089109	44731
30.297029702970296	46079
32.53465346534654	61256
26.495049504950494	32322
29.415841584158414	41840
29.376237623762375	41563
27.712871287128714	35775
27.405940594059405	34582
19.712871287128714	24429
22.81188118811881	24279
33.633663366336634	71772
21.693069306930692	21411
34.663366336633665	87431
33.01980198019802	65336
28.08910891089109	36783
21.435643564356436	23021
25.26732673267327	29118
30.93069306930693	49787
22.346534653465348	24200
33.07920792079208	66027
25.683168316831683	30232
27.871287128712872	36207
19.376237623762375	19223
30.861386138613863	48953
23.26732673267327	24834
28.693069306930692	38863
31.04950495049505	50139
19.11881188118812	26777
22.752475247524753	24637
31.603960396039604	53759
35.04950495049505	95809
27.84158415841584	35958
19.88118811881188	16041
36.306930693069305	124381
24.514851485148515	27599
21.11881188118812	21827
39.04950495049505	359339
37.257425742574256	165670
22.88118811881188	24212
22.722772277227723	23714
32.99009900990099	64855
27.386138613861387	34703
32.81188118811881	63564
24.633663366336634	27382
36.613861386138616	134940
20.14851485148515	25108
29.336633663366335	41444
34.10891089108911	77966
30.831683168316832	48841
21.14851485148515	20687
36.336633663366335	125431
17.831683168316832	25646
24.940594059405942	28463
33.65346534653465	72570
35.37623762376238	102502
28.336633663366335	37718
25.673267326732674	30283
35.56435643564357	104258
32.504950495049506	60598
36.48514851485149	130963
16.653465346534652	28875
31.099009900990097	49934
35.504950495049506	102456
33.851485148514854	74932
30.14851485148515	44809
27.613861386138613	35236
18.02970297029703	26339
20.18811881188119	22845
34.366336633663366	82166
28.18811881188119	37049
32.64356435643565	62116
34.91089108910891	92591
24.099009900990097	26459
28.059405940594058	36540
30.366336633663366	46273
32.95049504950495	64985
21.10891089108911	19991
20.316831683168317	18173
25.435643564356436	29469
26.405940594059405	31689
28.405940594059405	38050
23.415841584158414	25514
32.97029702970297	65379
31.693069306930692	53929
29.97029702970297	44326
32.28712871287129	58604
16.900990099009903	29576
30.475247524752476	46778
34.02970297029703	77330
26.22772277227723	31517
32.05940594059406	57005
19.85148514851485	25595
26.356435643564357	31970
21.297029702970296	20964
24.77227722772277	28184
26.465346534653467	32396
24.584158415841586	27290
22.168316831683168	24128
24.356435643564357	27472
32.23762376237624	58164
24.06930693069307	26833
36.603960396039604	134499
29.524752475247524	42170
18.702970297029704	14755
36.01980198019802	115874
21.940594059405942	21786
18.04950495049505	5095
35.20792079207921	97565
31.633663366336634	54153
34.65346534653465	86715
32.277227722772274	58786
27.495049504950494	35486
24.613861386138613	27728
22.831683168316832	24502
30.316831683168317	45912
24.980198019801982	28456
20.178217821782177	17661
27.465346534653467	34519
33.257425742574256	67194
34.37623762376238	82148
18.326732673267326	27685
36.742574257425744	140470
29.14851485148515	40725
35.86138613861386	111156
33.20792079207921	66936
30.495049504950494	46910
31.10891089108911	50143
30.019801980198018	44753
27.366336633663366	34619
26.217821782178216	31889
25.762376237623762	30304
36.71287128712871	139502
34.475247524752476	83916
20.346534653465348	24902
31.485148514851485	52911
30.534653465346533	47187
24.445544554455445	27281
28.702970297029704	38744
28.138613861386137	37161
30.613861386138613	47502
24.376237623762375	27427
25.366336633663366	29399
31.861386138613863	55518
30.584158415841586	47414
35.633663366336634	106339
32.306930693069305	59084
24.88118811881188	28470
23.18811881188119	25737
30.168316831683168	45333
19.099009900990097	17547
25.95049504950495	30685
21.405940594059405	20739
31.22772277227723	51501
29.07920792079208	40537
34.16831683168317	78647
30.99009900990099	49684
27.06930693069307	33520
30.712871287128714	48324
22.11881188118812	24054
27.376237623762375	34402
33.31683168316832	68456
26.663366336633665	32591
22.980198019801982	24906
20.524752475247524	19658
35.00990099009901	94352
30.554455445544555	47365
28.425742574257427	37971
34.06930693069307	77724
18.10891089108911	10368
21.574257425742573	24585
21.00990099009901	19487
21.81188118811881	23870
34.28712871287129	80691
34.7029702970297	88430
25.861386138613863	30374
27.99009900990099	36685
22.702970297029704	24920
31.247524752475247	51519
29.92079207920792	44104
37.366336633663366	171770
22.08910891089109	22484
35.366336633663366	99908
19.97029702970297	18243
36.67326732673267	137192
32.35643564356435	59506
16.198019801980198	7039
34.97029702970297	92859
24.08910891089109	26363
37.504950495049506	180738
34.0	76201
34.772277227722775	89002
28.306930693069308	37187
20.198019801980198	25472
34.554455445544555	85168
24.217821782178216	27275
18.722772277227723	28238
23.534653465346533	25620
21.059405940594058	19931
26.900990099009903	33075
23.14851485148515	25403
17.584158415841586	23528
34.17821782178218	79018
22.465346534653467	24111
29.861386138613863	43794
30.15841584158416	45175
33.603960396039604	71787
36.198019801980195	120895
30.217821782178216	45427
32.257425742574256	58493
19.673267326732674	18311
32.772277227722775	62913
29.85148514851485	43677
22.128712871287128	22895
27.821782178217823	36071
21.92079207920792	24188
21.643564356435643	21222
28.465346534653467	38060
27.04950495049505	33643
21.02970297029703	24002
34.42574257425743	83352
20.11881188118812	18018
28.534653465346533	38280
18.871287128712872	27680
29.455445544554454	41753
19.455445544554454	24876
15.514851485148515	17494
33.801980198019805	74041
20.455445544554454	21839
34.524752475247524	85392
25.306930693069308	29245
28.396039603960396	37570
20.613861386138613	18433
27.18811881188119	33988
17.128712871287128	8285
20.534653465346533	23824
17.643564356435643	29079
27.524752475247524	35171
28.762376237623762	39237
24.73267326732673	28110
20.495049504950494	24880
32.37623762376238	59634
17.217821782178216	4014
18.584158415841586	23208
24.861386138613863	28013
22.544554455445546	24405
30.623762376237625	47829
30.376237623762375	46271
17.792079207920793	28897
33.148514851485146	66526
25.821782178217823	30716
19.831683168316832	15538
24.722772277227723	27783
21.217821782178216	22341
26.178217821782177	31419
25.88118811881188	30636
34.78217821782178	90397
28.475247524752476	38017
22.96039603960396	24501
29.643564356435643	42858
20.386138613861387	23635
34.00990099009901	76836
17.03960396039604	17145
33.10891089108911	65939
30.465346534653467	46751
34.40594059405941	82572
30.356435643564357	46209
20.435643564356436	23476
28.198019801980198	37080
32.57425742574257	61493
22.99009900990099	25245
29.425742574257427	41991
23.554455445544555	25531
24.277227722772277	26806
25.07920792079208	28611
28.643564356435643	38775
23.386138613861387	25944
19.544554455445546	20095
29.02970297029703	40167
31.0	49875
29.603960396039604	42414
17.297029702970296	30067
24.04950495049505	26428
17.099009900990097	30334
24.326732673267326	27164
28.831683168316832	39352
27.762376237623762	35873
17.97029702970297	16670
25.623762376237625	30116
28.386138613861387	37787
25.603960396039604	30103
29.495049504950494	42363
30.84158415841584	48833
27.653465346534652	35579
20.821782178217823	20729
25.584158415841586	30168
37.08910891089109	156775
15.762376237623762	20469
29.386138613861387	41554
18.96039603960396	23907
35.386138613861384	101799
22.900990099009903	25111
23.396039603960396	25651
34.94059405940594	95108
19.138613861386137	11427
26.861386138613863	33011
23.821782178217823	26645
32.68316831683168	62532
36.663366336633665	138011
21.306930693069308	20580
14.227722772277227	4701
22.435643564356436	23190
25.099009900990097	28515
32.07920792079208	57114
34.82178217821782	89944
27.544554455445546	34937
32.603960396039604	61193
29.782178217821784	43560
14.326732673267326	5492
26.673267326732674	32701
27.415841584158414	34935
26.77227722772277	33628
29.762376237623762	43525
20.376237623762375	18672
24.871287128712872	28276
29.207920792079207	41112
30.693069306930692	48169
34.53465346534654	85161
22.277227722772277	22849
17.623762376237625	13186
18.673267326732674	27874
21.96039603960396	24472
26.653465346534652	32503
27.81188118811881	35906
17.821782178217823	15090
30.574257425742573	47487
21.0	20810
32.722772277227726	62498
33.79207920792079	73498
27.564356435643564	34891
17.574257425742573	12542
28.85148514851485	39224
21.26732673267327	22563
31.495049504950494	52997
29.128712871287128	40743
29.712871287128714	43329
16.247524752475247	7509
17.524752475247524	12080
32.18811881188119	58186
26.85148514851485	32852
24.138613861386137	26800
27.336633663366335	34227
29.584158415841586	42397
21.73267326732673	22715
33.613861386138616	71562
32.801980198019805	63171
31.168316831683168	51045
32.12871287128713	57444
30.900990099009903	49196
18.93069306930693	21144
27.722772277227723	35480
20.762376237623762	18776
15.465346534653465	17106
31.376237623762375	52193
32.693069306930695	62099
26.326732673267326	31474
29.871287128712872	43951
29.752475247524753	43350
25.940594059405942	30810
25.81188118811881	31046
25.792079207920793	30100
32.71287128712871	62665
17.465346534653467	5475
32.65346534653465	61960
31.277227722772277	51213
27.603960396039604	35312
21.663366336633665	23639
20.445544554455445	24557
18.762376237623762	22850
31.742574257425744	54408
32.42574257425743	60387
29.554455445544555	42423
24.316831683168317	27233
22.356435643564357	24608
31.940594059405942	55975
23.06930693069307	24345
33.97029702970297	76297
33.0990099009901	65701
28.663366336633665	38725
31.425742574257427	52605
21.356435643564357	20849
31.128712871287128	51043
34.73267326732673	88765
35.17821782178218	99616
27.435643564356436	34540
28.91089108910891	39946
32.84158415841584	63323
19.693069306930692	21013
21.326732673267326	24287
19.900990099009903	25448
25.485148514851485	29760
16.14851485148515	6549
18.11881188118812	18253
25.138613861386137	28753
26.93069306930693	33420
36.02970297029703	115211
26.455445544554454	31975
25.326732673267326	29598
15.96039603960396	22504
26.346534653465348	31807
26.287128712871286	31595
27.099009900990097	33557
23.712871287128714	25963
20.15841584158416	22868
23.77227722772277	26437
24.89108910891089	28544
24.801980198019802	28396
34.18811881188119	78997
23.514851485148515	25766
26.435643564356436	32155
31.237623762376238	51118
22.306930693069308	24561
26.336633663366335	31430
33.16831683168317	66713
33.23762376237624	68061
34.62376237623762	86715
31.435643564356436	53019
28.376237623762375	37906
23.405940594059405	25097
26.683168316831683	32839
30.603960396039604	47351
27.257425742574256	34166
19.623762376237625	18330
17.287128712871286	20330
30.26732673267327	45586
32.45544554455446	60671
26.89108910891089	33331
19.81188118811881	24198
20.019801980198018	18129
22.821782178217823	23854
17.495049504950494	29553
19.514851485148515	25334
19.07920792079208	20308
23.128712871287128	25076
31.396039603960396	52174
26.059405940594058	31064
34.039603960396036	77246
23.376237623762375	25633
20.900990099009903	21175
22.554455445544555	24898
26.534653465346533	32408
26.247524752475247	31618
32.7029702970297	62185
21.554455445544555	21349
34.32673267326733	81272
23.92079207920792	26853
28.247524752475247	37597
22.396039603960396	24198
16.603960396039604	28554
25.742574257425744	29917
20.77227722772277	20636
17.376237623762375	10561
29.831683168316832	43732
29.237623762376238	40928
18.980198019801982	20889
23.168316831683168	24702
25.22772277227723	29048
30.980198019801982	49992
30.742574257425744	48041
32.62376237623762	61448
33.475247524752476	69812
21.77227722772277	24285
16.633663366336634	3990
28.603960396039604	38709
27.356435643564357	34342
23.97029702970297	26263
23.10891089108911	24495
21.138613861386137	23801
26.782178217821784	32691
15.267326732673267	14798
16.504950495049506	27757
29.405940594059405	41762
28.504950495049506	38291
13.188118811881187	436
25.831683168316832	30553
28.485148514851485	38137
31.26732673267327	51271
28.514851485148515	38297
32.86138613861386	63777
32.02970297029703	56689
30.198019801980198	45298
22.693069306930692	24685
31.623762376237625	53935
33.46534653465346	70450
21.613861386138613	23259
17.14851485148515	30134
29.217821782178216	41176
30.128712871287128	45506
18.138613861386137	26282
19.15841584158416	24385
31.11881188118812	50705
18.14851485148515	5683
24.742574257425744	28125
29.326732673267326	41731
21.178217821782177	24411
30.10891089108911	45384
15.366336633663366	15956
25.980198019801982	30983
23.198019801980198	25180
26.07920792079208	31332
28.07920792079208	36696
22.316831683168317	23998
27.980198019801982	36273
27.554455445544555	34998
18.356435643564357	12236
22.00990099009901	24466
26.97029702970297	33128
29.504950495049506	42474
16.821782178217823	1986
20.980198019801982	24237
24.128712871287128	26981
31.544554455445546	53272
18.653465346534652	14516
23.08910891089109	25553
19.405940594059405	25056
23.346534653465348	25403
13.98019801980198	3091
17.257425742574256	1683
23.287128712871286	25662
28.00990099009901	36752
24.18811881188119	26559
15.415841584158416	16411
19.663366336633665	25138
22.14851485148515	23406
15.801980198019802	3935
20.752475247524753	21438
22.940594059405942	25010
14.029702970297029	3426
19.306930693069308	25118
20.93069306930693	24261
33.42574257425743	69411
19.702970297029704	25429
17.95049504950495	4659
24.900990099009903	28557
35.396039603960396	101347
28.95049504950495	39968
16.85148514851485	29560
25.336633663366335	29372
17.386138613861387	20979
26.02970297029703	31061
23.84158415841584	25776
30.425742574257427	46706
21.623762376237625	24216
28.81188118811881	39280
29.801980198019802	43616
23.95049504950495	26462
22.485148514851485	23513
27.207920792079207	34076
25.92079207920792	30816
21.99009900990099	22218
28.326732673267326	37637
17.84158415841584	27909
24.0	26433
34.43564356435643	83210
25.73267326732673	29884
24.336633663366335	27143
19.564356435643564	25111
27.138613861386137	34217
25.168316831683168	28723
26.792079207920793	33155
25.445544554455445	29401
17.02970297029703	7045
23.693069306930692	25689
25.019801980198018	28436
28.554455445544555	38296
33.772277227722775	73489
30.04950495049505	44445
17.673267326732674	13645
14.376237623762377	6066
21.366336633663366	22946
35.43564356435643	102757
34.495049504950494	83731
26.73267326732673	32736
19.752475247524753	25484
20.95049504950495	20855
29.356435643564357	41413
22.683168316831683	23985
19.18811881188119	12015
18.316831683168317	19946
27.00990099009901	33380
23.247524752475247	25428
34.75247524752475	89544
25.84158415841584	30272
19.584158415841586	14128
32.73267326732673	62443
23.15841584158416	24867
23.722772277227723	26381
15.217821782178218	14203
15.069306930693068	12632
30.762376237623762	48510
25.91089108910891	30585
28.752475247524753	39184
23.584158415841586	25878
18.06930693069307	17661
25.415841584158414	29414
25.376237623762375	29279
20.544554455445546	24832
21.415841584158414	23392
25.11881188118812	28915
24.425742574257427	27188
31.821782178217823	55046
23.237623762376238	25694
24.653465346534652	28053
22.257425742574256	24810
30.415841584158414	46678
25.534653465346533	29934
29.366336633663366	41648
22.02970297029703	22832
34.67326732673267	87712
22.603960396039604	24915
22.03960396039604	21995
36.54455445544554	132760
22.91089108910891	24336
19.762376237623762	24589
22.584158415841586	23723
18.613861386138613	22184
19.00990099009901	24055
19.742574257425744	21246
28.297029702970296	37754
25.207920792079207	28941
26.168316831683168	30978
21.168316831683168	22255
26.514851485148515	32031
26.712871287128714	32463
20.396039603960396	24786
20.85148514851485	20881
18.940594059405942	10326
24.178217821782177	26730
21.396039603960396	21066
16.93069306930693	6479
28.97029702970297	40095
17.683168316831683	24233
28.712871287128714	39499
16.059405940594058	23563
26.831683168316832	33466
20.73267326732673	24081
22.673267326732674	23651
16.97029702970297	2660
33.0	65070
35.24752475247525	98301
25.663366336633665	30208
23.356435643564357	24963
27.326732673267326	34184
21.08910891089109	23789
19.534653465346533	13761
27.277227722772277	34274
28.207920792079207	37168
33.21782178217822	67409
21.752475247524753	22058
16.306930693069308	26150
26.306930693069308	31910
24.495049504950494	27523
20.02970297029703	16900
27.14851485148515	34100
23.316831683168317	25111
21.801980198019802	22469
26.554455445544555	32211
29.623762376237625	42483
30.445544554455445	46824
27.168316831683168	34156
25.633663366336634	29962
24.84158415841584	28617
27.861386138613863	35970
26.95049504950495	33520
28.22772277227723	37487
24.297029702970296	27142
27.95049504950495	36486
22.613861386138613	24093
26.821782178217823	33209
30.92079207920792	49402
24.683168316831683	27831
23.019801980198018	24220
15.663366336633663	19212
33.277227722772274	68173
31.297029702970296	51725
28.980198019801982	40113
20.26732673267327	17965
32.227722772277225	58259
29.178217821782177	40842
21.653465346534652	21820
28.415841584158414	37849
28.277227722772277	37795
33.495049504950494	70225
25.574257425742573	29943
27.97029702970297	36297
31.574257425742573	53316
28.524752475247524	38688
26.00990099009901	30778
29.10891089108911	41147
24.594059405940595	27839
25.396039603960396	29662
20.643564356435643	24572
21.277227722772277	24444
19.91089108910891	23562
20.702970297029704	21276
19.02970297029703	20601
19.08910891089109	11275
18.019801980198018	17077
25.594059405940595	29810
18.85148514851485	15995
22.06930693069307	24292
20.653465346534652	21324
26.415841584158414	31814
20.138613861386137	22798
24.792079207920793	28189
25.237623762376238	28993
25.99009900990099	30957
27.316831683168317	34384
24.03960396039604	26600
26.198019801980198	31417
26.623762376237625	32661
21.594059405940595	21165
18.801980198019802	15774
18.178217821782177	27107
23.900990099009903	26329
26.475247524752476	31815
17.336633663366335	20909
22.564356435643564	24228
22.84158415841584	25122
34.2970297029703	81178
21.88118811881188	22707
26.980198019801982	33738
26.81188118811881	32933
21.504950495049506	21105
20.97029702970297	21487
17.89108910891089	27641
21.346534653465348	20987
19.346534653465348	19230
18.77227722772277	27907
32.118811881188115	57391
22.26732673267327	24587
19.316831683168317	26292
20.693069306930692	24552
21.782178217821784	22582
19.613861386138613	24849
25.346534653465348	29069
32.59405940594059	61567
17.0	30148
18.297029702970296	6527
22.623762376237625	23541
28.03960396039604	36499
23.93069306930693	26584
23.475247524752476	25859
26.702970297029704	32496
29.93069306930693	44117
18.683168316831683	22550
31.712871287128714	54804
25.782178217821784	30450
17.871287128712872	15681
23.297029702970296	25433
24.673267326732674	27909
25.564356435643564	29823
17.762376237623762	7450
19.475247524752476	18738
16.980198019801982	6816
18.257425742574256	11488
20.742574257425744	24575
27.306930693069308	34249
24.346534653465348	27319
34.801980198019805	91012
15.168316831683168	13643
15.118811881188119	13097
30.326732673267326	46195
19.504950495049506	25522
25.247524752475247	29144
28.455445544554454	37680
26.84158415841584	33022
20.415841584158414	18412
28.128712871287128	36938
28.0	36921
22.871287128712872	24089
25.15841584158416	28760
20.326732673267326	18515
22.574257425742573	23378
17.900990099009903	4435
24.11881188118812	27083
27.792079207920793	36030
19.554455445544555	25432
33.28712871287129	67916
17.88118811881188	25936
24.544554455445546	27565
18.504950495049506	13559
26.584158415841586	32626
24.693069306930692	27949
28.287128712871286	37747
16.435643564356436	2921
29.663366336633665	42865
24.752475247524753	28150
20.366336633663366	18025
21.564356435643564	23453
19.415841584158414	25802
24.207920792079207	27078
29.514851485148515	42491
21.22772277227723	24639
19.059405940594058	24270
26.0	31317
18.524752475247524	27974
16.564356435643564	366
22.287128712871286	22931
17.326732673267326	9825
26.03960396039604	31057
26.18811881188119	31550
14.524752475247524	7289
21.84158415841584	21752
18.495049504950494	7820
30.81188118811881	48860
19.594059405940595	20437
28.445544554455445	38186
18.376237623762375	27975
29.06930693069307	40679
25.544554455445546	29639
17.99009900990099	27053
20.128712871287128	17218
19.524752475247524	18751
17.81188118811881	7854
40.20792079207921	1376141
27.633663366336634	35265
20.514851485148515	18613
23.623762376237625	26326
16.99009900990099	16278
17.861386138613863	8275
23.792079207920793	26011
19.821782178217823	18060
17.742574257425744	28592
28.237623762376238	37155
15.742574257425742	679
23.861386138613863	26173
23.178217821782177	25351
29.81188118811881	43459
14.178217821782178	4499
18.306930693069308	11795
19.425742574257427	19105
29.445544554455445	42315
28.019801980198018	36142
27.15841584158416	33562
17.435643564356436	21908
17.198019801980198	30474
21.900990099009903	22488
27.0	33602
17.178217821782177	8559
24.603960396039604	27831
17.138613861386137	18363
19.495049504950494	20108
29.485148514851485	42303
29.702970297029704	43068
26.297029702970296	31656
17.08910891089109	17708
25.00990099009901	28793
16.554455445544555	27913
28.495049504950494	38452
17.15841584158416	1399
16.594059405940595	11440
16.683168316831683	4427
20.237623762376238	23146
18.831683168316832	21513
15.900990099009901	4469
17.722772277227723	14083
17.544554455445546	29578
24.07920792079208	26996
31.14851485148515	50786
18.475247524752476	27739
26.316831683168317	31556
21.465346534653467	23397
27.08910891089109	33691
13.534653465346535	1087
19.861386138613863	24206
21.673267326732674	23954
19.22772277227723	19645
16.544554455445546	10898
24.475247524752476	27253
27.514851485148515	34982
25.97029702970297	30852
16.782178217821784	5136
27.88118811881188	36249
26.06930693069307	30919
21.762376237623762	23928
26.445544554455445	31712
22.801980198019802	24901
20.04950495049505	25569
30.0	44237
24.465346534653467	27883
17.485148514851485	22335
18.336633663366335	24823
20.871287128712872	20880
20.257425742574256	22490
20.782178217821784	24072
19.257425742574256	24991
15.455445544554456	2054
20.336633663366335	23298
19.980198019801982	16591
29.138613861386137	40382
16.742574257425744	13381
26.366336633663366	32040
23.00990099009901	24199
16.237623762376238	2094
20.465346534653467	18307
20.217821782178216	17886
27.643564356435643	35374
31.366336633663366	52305
22.77227722772277	23725
23.702970297029704	25499
18.18811881188119	25828
23.752475247524753	25692
28.11881188118812	36939
27.237623762376238	34200
26.92079207920792	33214
28.683168316831683	38895
28.93069306930693	40154
22.85148514851485	24921
16.693069306930692	12537
19.603960396039604	25159
21.603960396039604	21584
16.287128712871286	2225
19.782178217821784	15522
18.91089108910891	23726
19.683168316831683	14740
24.663366336633665	27590
16.792079207920793	13916
20.574257425742573	19890
22.742574257425744	25055
25.465346534653467	29793
18.128712871287128	27106
18.22772277227723	27786
25.524752475247524	29983
27.019801980198018	33638
25.495049504950494	29499
26.128712871287128	31360
21.425742574257427	24396
19.792079207920793	21374
27.425742574257427	34751
22.97029702970297	24264
18.059405940594058	9762
18.405940594059405	12654
20.92079207920792	21418
17.663366336633665	6889
18.99009900990099	10765
17.514851485148515	5733
20.168316831683168	17731
14.970297029702971	11275
16.92079207920792	2428
20.287128712871286	23218
25.356435643564357	29035
20.84158415841584	24055
17.475247524752476	11586
22.495049504950494	24517
22.445544554455445	24224
22.633663366336634	23706
22.207920792079207	24346
22.663366336633665	24286
20.81188118811881	19213
29.287128712871286	41247
19.99009900990099	21903
19.356435643564357	24853
18.95049504950495	16525
30.03960396039604	44403
40.37623762376238	2368068
40.32673267326733	1806853
40.584158415841586	9355371
40.415841584158414	2569111
40.62376237623762	14375911
40.663366336633665	21561657
40.53465346534654	3898313
40.7029702970297	25142235
40.46534653465346	2763223
40.613861386138616	3464857
40.54455445544554	6130599
40.48514851485149	1887222
40.504950495049506	4087370
40.40594059405941	1963748
40.42574257425743	1978421
40.475247524752476	656442
40.34653465346535	1272135
16.346534653465348	8322
40.28712871287129	1742981
40.366336633663366	1845004
40.445544554455445	1984598
40.45544554455446	2958607
14.772277227722773	9589
17.85148514851485	4090
40.57425742574257	4035701
40.65346534653465	1372909
40.495049504950494	3465500
40.336633663366335	2030997
40.396039603960396	1059044
18.445544554455445	7387
17.712871287128714	7169
40.56435643564357	1038458
40.51485148514851	333600
40.524752475247524	1596054
40.386138613861384	1536302
40.24752475247525	1571824
20.425742574257427	19052
40.2970297029703	1675300
20.792079207920793	24197
25.14851485148515	29115
14.673267326732674	8480
21.534653465346533	22869
25.96039603960396	30913
19.92079207920792	17964
31.465346534653467	52843
22.475247524752476	23150
40.603960396039604	99669
21.742574257425744	21648
17.415841584158414	5136
18.287128712871286	25034
25.386138613861387	29537
23.782178217821784	26128
40.554455445544555	21921
20.356435643564357	22055
18.00990099009901	9640
19.574257425742573	18583
40.43564356435643	893424
25.257425742574256	29103
18.396039603960396	7215
24.534653465346533	27579
24.95049504950495	28299
17.534653465346533	22776
15.851485148514852	4188
18.92079207920792	27491
30.653465346534652	47642
14.475247524752476	6873
25.08910891089109	29154
18.425742574257427	27694
23.257425742574256	24886
25.287128712871286	28970
15.01980198019802	11980
22.198019801980198	23538
19.14851485148515	17850
20.03960396039604	22472
18.346534653465348	6789
20.801980198019802	21149
13.485148514851485	960
24.02970297029703	26717
16.15841584158416	24634
19.465346534653467	25714
18.15841584158416	10669
22.217821782178216	24060
23.801980198019802	25849
20.584158415841586	24009
19.93069306930693	16141
17.752475247524753	3582
17.06930693069307	3045
18.693069306930692	8980
18.217821782178216	19031
17.306930693069308	1870
19.326732673267326	19367
23.91089108910891	26912
22.237623762376238	22398
14.574257425742575	7639
17.316831683168317	4471
17.782178217821784	25173
17.92079207920792	16346
23.633663366336634	25932
18.73267326732673	22569
17.91089108910891	8857
21.099009900990097	20885
23.524752475247524	25727
28.217821782178216	36892
16.940594059405942	15854
29.77227722772277	43296
25.514851485148515	29692
29.940594059405942	44557
17.356435643564357	2004
16.762376237623762	626
19.128712871287128	20167
21.584158415841586	22966
20.06930693069307	17957
21.198019801980198	20976
18.89108910891089	9978
19.217821782178216	26646
21.97029702970297	24158
25.217821782178216	29015
16.257425742574256	25726
25.693069306930692	29802
20.663366336633665	18777
20.89108910891089	24253
16.10891089108911	24078
19.0	17192
31.782178217821784	54647
18.663366336633665	22263
17.613861386138613	6545
18.386138613861387	24401
22.019801980198018	24526
22.514851485148515	24176
22.059405940594058	24582
20.405940594059405	22052
19.019801980198018	27269
18.207920792079207	10853
19.77227722772277	17902
19.297029702970296	19088
17.366336633663366	4743
18.198019801980198	5975
18.415841584158414	20426
16.88118811881188	5974
23.980198019801982	26234
21.237623762376238	23554
16.643564356435643	11966
19.10891089108911	24300
22.336633663366335	23141
27.198019801980198	33829
19.386138613861387	12963
22.712871287128714	24050
17.26732673267327	4120
16.495049504950494	10245
21.495049504950494	20979
14.128712871287128	4092
18.792079207920793	9483
23.217821782178216	25020
17.603960396039604	2931
20.554455445544555	21426
18.514851485148515	21389
15.841584158415841	876
23.11881188118812	24411
27.702970297029704	35840
21.207920792079207	20228
13.881188118811881	2622
22.07920792079208	22581
16.396039603960396	9184
24.287128712871286	26909
22.386138613861387	22984
16.871287128712872	2212
15.564356435643564	18071
21.15841584158416	19961
14.277227722772277	5254
17.10891089108911	1262
19.396039603960396	19267
14.821782178217822	9926
16.326732673267326	747
16.722772277227723	1697
21.524752475247524	24438
17.96039603960396	9045
19.247524752475247	18694
16.91089108910891	873
24.85148514851485	27975
20.861386138613863	18979
15.306930693069306	1578
16.04950495049505	5608
17.77227722772277	14809
17.653465346534652	3127
17.207920792079207	1552
15.603960396039604	2752
16.03960396039604	1261
15.554455445544555	2502
17.702970297029704	3386
17.059405940594058	1231
14.425742574257425	6300
18.544554455445546	7919
18.594059405940595	8117
15.05940594059406	913
14.623762376237623	8027
17.00990099009901	1017
22.04950495049505	23011
18.099009900990097	5371
12.198019801980198	262
15.108910891089108	1066
18.366336633663366	20274
13.732673267326733	1813
12.396039603960396	231
18.554455445544555	13872
17.168316831683168	3585
18.603960396039604	14334
24.306930693069308	27453
17.801980198019802	3875
14.871287128712872	10597
17.455445544554454	2439
16.336633663366335	2403
18.84158415841584	9793
15.782178217821782	168
20.673267326732674	20139
15.247524752475247	209
16.485148514851485	3148
18.247524752475247	6311
19.485148514851485	13801
18.0	4817
15.594059405940595	492
16.18811881188119	1794
14.811881188118813	459
15.405940594059405	1908
16.623762376237625	1363
13.237623762376238	483
15.950495049504951	4787
14.96039603960396	700
16.445544554455445	9538
14.722772277227723	9248
12.891089108910892	270
15.386138613861386	57
15.356435643564357	1721
17.425742574257427	11092
15.702970297029703	3380
16.73267326732673	4764
16.574257425742573	1198
17.504950495049506	2553
16.524752475247524	1113
16.386138613861387	2740
16.584158415841586	3820
16.831683168316832	5355
15.891089108910892	888
14.07920792079208	3794
17.405940594059405	2258
16.11881188118812	142
14.465346534653465	185
15.445544554455445	306
14.217821782178218	84
16.861386138613863	810
13.831683168316832	2297
18.643564356435643	8560
15.257425742574258	1444
15.752475247524753	3560
17.554455445544555	2743
16.475247524752476	983
12.495049504950495	237
15.504950495049505	2393
15.94059405940594	1081
16.178217821782177	481
15.207920792079207	1291
13.930693069306932	2716
15.881188118811881	215
16.673267326732674	1549
13.683168316831683	1656
16.77227722772277	1822
16.26732673267327	152
15.990099009900991	1174
16.534653465346533	3549
15.049504950495049	84
16.415841584158414	286
16.96039603960396	926
12.247524752475247	183
15.009900990099009	806
13.584158415841584	1299
15.495049504950495	379
15.792079207920793	785
14.910891089108912	675
16.366336633663366	229
16.277227722772277	639
16.08910891089109	1454
16.138613861386137	1668
14.861386138613861	518
15.693069306930694	556
13.287128712871286	562
15.970297029702971	62
15.930693069306932	274
13.089108910891088	333
15.435643564356436	59
15.396039603960396	268
13.782178217821782	2086
15.158415841584159	1092
14.356435643564357	7
13.386138613861386	721
16.514851485148515	310
12.594059405940595	250
15.683168316831683	146
16.465346534653467	264
15.643564356435643	494
16.128712871287128	432
16.217821782178216	158
13.633663366336634	1407
16.663366336633665	477
13.336633663366337	575
12.742574257425742	238
16.316831683168317	211
12.0	568
13.435643564356436	779
16.712871287128714	572
14.415841584158416	166
16.376237623762375	764
16.613861386138613	432
15.297029702970297	204
15.346534653465346	236
16.22772277227723	528
14.316831683168317	115
12.990099009900991	301
15.92079207920792	70
14.712871287128714	381
12.346534653465346	194
13.03960396039604	310
12.297029702970297	246
12.643564356435643	213
16.019801980198018	81
12.693069306930694	270
14.663366336633663	322
16.07920792079208	357
16.168316831683168	152
12.94059405940594	274
14.613861386138614	286
14.653465346534654	27
12.099009900990099	361
12.544554455445544	197
15.336633663366337	38
15.148514851485148	129
16.02970297029703	337
13.623762376237623	6
12.841584158415841	254
12.792079207920793	240
15.237623762376238	41
14.118811881188119	37
14.762376237623762	426
15.485148514851485	71
12.445544554455445	181
14.900990099009901	73
15.732673267326733	156
15.128712871287128	5
15.198019801980198	176
14.514851485148515	234
14.455445544554456	14
15.099009900990099	117
14.831683168316832	2
15.831683168316832	197
14.950495049504951	74
16.06930693069307	88
15.287128712871286	45
14.851485148514852	50
15.0	86
14.069306930693068	55
14.01980198019802	37
15.633663366336634	103
15.722772277227723	34
13.871287128712872	18
15.188118811881187	25
14.841584158415841	4
15.584158415841584	94
15.534653465346535	82
14.603960396039604	19
15.623762376237623	29
15.821782178217822	36
14.564356435643564	228
14.504950495049505	15
15.772277227722773	36
14.801980198019802	32
13.821782178217822	19
15.673267326732674	16
15.98019801980198	277
15.871287128712872	43
14.792079207920793	10
14.930693069306932	4
14.94059405940594	10
14.693069306930694	11
15.574257425742575	10
14.990099009900991	10
14.267326732673267	86
14.702970297029703	22
14.554455445544555	22
15.03960396039604	15
13.970297029702971	24
14.742574257425742	5
12.148514851485148	136
14.168316831683168	58
13.138613861386139	359
14.366336633663366	131
14.752475247524753	30
15.089108910891088	18
15.138613861386139	24
14.643564356435643	1
13.92079207920792	28
15.475247524752476	15
14.396039603960396	2
13.722772277227723	11
15.524752475247524	11
15.227722772277227	6
14.05940594059406	3
13.574257425742575	6
15.425742574257425	10
13.772277227722773	11
15.277227722772277	10
15.178217821782178	3
11.900990099009901	4
14.009900990099009	3
15.029702970297029	2
14.207920792079207	4
14.891089108910892	11
15.376237623762377	6
14.405940594059405	8
15.326732673267326	4
14.584158415841584	1
14.108910891089108	3
13.524752475247524	3
13.326732673267326	1
14.386138613861386	2
13.227722772277227	1
40.59405940594059	1
40.742574257425744	6
13.673267326732674	3
14.445544554455445	2
15.07920792079208	4
14.594059405940595	3
13.07920792079208	1
13.277227722772277	1
13.376237623762377	3
14.306930693069306	2
14.257425742574258	1
14.98019801980198	1
13.663366336633663	1
13.425742574257425	1
40.67326732673267	1
14.544554455445544	1
14.158415841584159	2
