Mean Quality Score
30.158167161502497
30.777205278940773
33.78220402999631
34.593560181621456
35.101562980325205
37.95055633191032
38.00725455660324
38.23399163381331
38.435973006061566
38.31674259921428
38.41839143027672
38.45483860439929
38.31101137082485
38.39652427433381
38.248926881613954
38.01057951697763
38.12035227515534
38.26334323693233
38.07170036366603
38.17151072810056
38.01708748462667
38.031970027204785
38.203262344532845
38.220033209658446
38.22972623828264
38.2097893680999
38.18121423169846
38.23132525609625
38.197060441575616
38.149044695474004
38.025469357625475
37.65506342403876
37.56962167326844
37.35705548186139
37.23114081947632
37.144484946299656
37.095894549472
37.10797906277121
37.075362863206465
37.457104149883136
37.68202258720922
37.84728702103819
37.84119623814375
38.00377114194846
38.02351418795271
38.00344884861801
38.0415836745236
37.997333820495314
37.98582477830117
37.94463671641811
38.0244718070212
38.04598090055785
38.04215590540683
37.83795609339751
37.86720817187799
37.946432292089284
37.95871272456172
37.88353067509333
37.849634805389236
37.783022919669186
37.760647891301765
37.80409847592987
37.81441446128896
37.73644318647489
37.76997430685785
37.6993278191475
37.76248949078648
37.65897705040625
37.61172860369963
37.65978436667848
37.65415334290616
37.587243158565485
37.531961546743155
37.532418280373534
37.52765650873641
37.40949037573593
36.48310845244074
36.884562147544145
37.31376742312632
37.41590324273665
37.54053434506438
37.54712558118382
37.573098070654375
37.48450884768448
37.3889485531095
37.395332907809895
37.329834780208
37.33598685477517
37.30411869772209
37.23139111766552
37.194345796390984
37.10481562621616
37.0732837061839
37.03168262200622
36.85190963106661
36.86780801209404
36.86914974473205
36.79507467286664
36.544669336119426
36.62407719094846
34.65798544892633